28,38,16,19,43,49,43,30,13,20,39,30,47,37,28,26,29,10,18,36,12,28,34,27,28,45,18,45,34,12,28,35,48,23,20,30,26,10,16,35,21,34,42,48,10,40,36,17,15,11,18,33,41,29,36,26,38,45,45,38,41,27,25,49,31,45,12,10,44,32,32,45,48,49,33,49,12,44,28,44,48,39,20,40,14,45,46,12,44,35,14,46,15,36,15,49,26,44,45,33
13,24,45,36,14,31,48,28,19,11,29,49,47,31,48,18,11,40,28,17,15,40,36,20,41,44,41,49,27,42,10,27,45,29,45,20,20,32,10,18,14,32,42,49,20,44,24,14,12,31,41,21,40,23,49,48,25,22,30,27,12,41,40,39,42,40,39,28,42,18,50,39,45,16,23,11,46,22,26,37,31,14,27,29,41,17,27,19,39,30,24,13,25,14,42,32,37,40,13,42
34,36,29,37,38,32,39,11,42,14,16,30,15,47,36,13,24,12,17,22,34,50,31,31,21,10,29,34,25,22,23,36,28,44,45,41,44,24,21,17,46,30,17,37,38,48,13,27,32,19,14,18,37,26,39,40,35,47,35,38,38,14,50,25,48,42,25,15,49,14,37,43,22,38,43,10,18,48,40,14,15,44,24,24,50,42,45,22,32,16,46,41,32,25,31,30,13,50,40,49
49,13,23,14,26,13,21,16,32,22,49,14,11,47,32,22,50,24,28,14,18,17,34,42,23,41,42,28,40,11,40,45,19,44,30,25,12,16,23,46,28,20,30,20,35,37,12,39,13,49,38,30,39,31,32,11,35,42,49,28,38,29,11,35,29,48,12,33,11,44,32,14,42,37,25,30,32,36,38,43,16,28,41,23,29,20,14,32,43,33,16,39,31,20,41,40,15,40,31,29
48,32,49,40,48,42,17,23,49,12,28,37,40,33,23,32,37,14,36,28,39,49,27,30,39,16,43,41,33,44,13,17,35,19,44,35,23,50,28,11,21,27,34,50,14,12,28,12,29,12,15,50,38,12,47,20,48,46,11,31,10,49,24,25,43,36,26,31,12,24,33,29,12,47,16,37,33,38,30,15,19,20,28,10,40,27,48,11,43,41,34,43,39,36,15,13,32,32,32,23
20,44,38,45,34,38,47,25,23,19,28,46,24,29,26,14,39,19,20,33,26,19,38,43,11,35,48,47,36,19,39,48,42,14,17,40,21,36,39,26,38,16,45,36,36,37,23,39,17,30,17,12,15,40,24,12,28,13,24,36,41,22,32,36,49,43,45,39,47,25,43,48,11,48,26,23,10,37,40,29,37,42,20,41,26,46,14,15,13,42,15,26,13,47,31,19,20,38,17,42
29,50,29,26,33,23,26,50,19,37,34,25,35,22,39,15,44,41,37,34,39,26,19,45,44,32,41,29,12,15,26,31,23,44,38,36,21,36,13,35,37,41,15,27,46,46,38,38,32,35,44,41,41,44,14,12,48,20,18,43,34,28,40,48,31,36,47,36,22,47,34,29,17,19,34,22,47,13,11,44,14,36,46,16,50,43,38,24,32,24,22,28,34,26,29,11,16,48,18,49
47,29,37,14,44,31,24,43,49,26,30,48,48,32,41,16,38,43,43,23,39,35,18,44,42,25,14,48,46,25,42,23,19,11,49,31,36,22,34,37,27,37,44,37,19,14,45,14,21,32,29,18,44,36,32,43,30,24,44,23,19,34,46,45,23,30,23,27,42,41,44,35,11,40,30,45,28,33,37,47,20,28,37,41,14,44,21,41,27,24,40,11,13,47,50,29,33,19,10,31
28,49,29,44,28,43,19,11,39,37,47,17,36,48,33,47,49,33,24,40,16,15,12,42,35,27,33,36,11,43,20,12,44,24,21,19,25,35,21,22,15,35,39,20,36,31,22,42,37,14,18,37,22,37,19,45,14,16,48,22,40,26,38,46,19,29,13,38,49,11,43,15,32,18,47,49,42,39,20,24,26,44,22,21,40,18,41,27,41,42,41,27,26,49,30,25,40,10,20,15
29,40,49,27,34,20,42,29,32,47,26,19,43,11,31,26,41,27,44,47,18,13,35,10,48,30,44,37,46,18,12,43,40,46,18,23,35,41,19,20,13,43,49,48,27,18,17,28,46,36,43,35,44,12,40,18,45,12,14,14,14,48,11,19,20,33,27,46,11,14,46,33,48,36,38,32,14,19,26,30,43,49,45,47,41,41,18,11,33,15,13,50,10,38,36,36,25,21,22,49
34,13,46,35,39,25,20,44,41,26,20,34,12,22,39,31,26,41,19,33,36,44,25,19,27,47,11,39,14,45,10,29,27,28,36,33,25,12,26,42,23,45,41,12,44,48,34,43,35,18,43,21,21,20,34,27,31,27,17,35,11,19,34,41,10,42,37,18,26,22,35,34,16,37,37,31,45,36,50,35,39,45,44,34,33,17,35,22,16,47,39,45,46,11,26,16,30,23,10,23
15,23,41,38,12,44,20,48,27,44,49,11,19,26,11,29,42,47,32,14,23,38,34,35,16,19,34,20,27,31,34,28,50,43,10,29,24,13,36,35,25,23,23,31,36,35,16,17,38,41,14,49,35,33,16,11,11,44,21,12,13,29,46,10,37,26,18,25,14,38,13,45,12,20,21,26,16,32,34,47,18,20,29,38,23,24,12,44,32,30,49,49,22,49,42,12,33,38,25,33
47,32,20,35,24,12,50,42,24,18,46,38,49,48,28,50,23,20,30,17,33,17,20,43,20,14,28,46,25,33,17,10,40,39,19,38,40,19,41,21,44,23,12,11,24,43,10,33,15,30,50,12,13,15,11,40,41,42,41,31,42,39,49,48,33,14,14,19,35,26,28,39,44,34,46,12,31,50,13,25,10,17,44,15,13,44,26,22,36,49,42,17,32,36,27,47,22,46,47,36
44,43,47,38,29,32,31,13,20,20,27,15,37,37,13,27,46,49,16,41,24,49,42,42,40,31,27,23,11,10,15,34,47,49,40,28,36,27,44,43,33,21,19,35,16,45,33,29,27,17,22,16,35,48,15,28,16,41,11,19,10,36,28,36,40,12,43,11,46,18,21,10,36,48,36,30,37,45,39,43,36,48,28,11,35,32,18,31,33,40,38,31,42,42,46,32,40,44,45,49
30,37,28,12,33,43,34,26,38,17,25,46,48,31,41,36,34,36,12,21,29,16,43,42,24,38,13,40,27,46,45,31,18,14,25,48,45,21,28,34,20,40,21,43,36,33,48,50,47,42,25,20,49,45,42,23,33,30,43,29,16,22,30,13,38,15,43,21,29,34,15,14,41,40,32,10,25,12,25,24,15,45,49,20,50,14,19,45,47,16,17,47,14,36,26,43,27,24,41,13
46,21,41,29,42,37,27,27,17,29,25,48,38,44,19,25,23,12,32,42,31,44,39,40,25,41,38,19,18,49,14,31,44,46,35,14,47,11,13,25,26,17,49,21,48,38,29,18,33,45,11,23,33,15,15,28,19,49,25,42,43,18,36,21,24,50,44,38,22,44,24,47,48,42,27,47,24,37,18,19,44,26,37,14,47,24,38,17,19,22,26,11,21,46,11,12,44,40,48,23
18,17,33,40,23,37,45,48,30,44,11,21,30,34,39,40,37,16,25,33,14,26,18,34,35,17,47,32,48,36,19,28,25,34,48,27,20,30,11,46,47,14,46,19,26,12,44,11,15,21,14,22,40,41,13,44,27,21,38,37,39,26,31,17,16,12,17,41,21,19,20,48,28,38,26,42,41,32,34,30,20,18,39,30,42,30,49,30,14,48,34,17,41,45,19,14,37,45,28,19
21,13,37,19,49,12,13,37,22,40,30,27,14,45,34,17,40,29,44,41,17,31,20,37,19,22,22,18,20,20,41,12,19,22,13,47,49,42,15,21,22,13,43,24,12,25,30,44,48,33,10,19,19,42,45,19,49,40,10,46,17,21,17,38,33,48,28,39,40,22,41,36,30,18,35,28,46,22,11,28,32,32,19,40,34,22,34,41,41,20,18,13,39,31,28,30,24,47,24,27
14,32,43,36,29,46,49,22,45,35,38,32,25,21,37,25,18,19,50,22,38,24,24,31,13,31,24,46,11,41,33,47,43,19,23,49,10,49,27,29,35,47,27,31,48,21,39,48,47,19,45,17,12,12,50,31,19,15,50,26,36,24,41,13,10,23,19,11,48,25,18,22,44,42,47,30,43,34,34,44,15,26,29,47,25,16,42,27,21,41,18,40,40,31,15,11,12,17,23,48
14,22,19,13,49,18,41,24,16,28,25,25,38,45,17,18,42,17,12,33,25,20,15,20,15,21,17,38,46,17,24,30,45,39,50,32,34,44,20,35,17,49,44,25,31,24,44,20,39,15,46,17,46,18,32,29,28,13,26,19,11,13,31,41,28,50,43,12,47,49,36,45,40,15,14,45,13,49,49,35,41,16,27,11,33,46,48,42,46,23,24,13,15,19,48,19,12,42,23,33
37,42,21,14,13,11,20,41,45,42,23,12,28,24,36,34,17,39,31,19,24,32,38,20,26,46,42,39,32,42,25,31,20,46,38,29,38,43,48,22,21,12,24,46,18,18,31,13,19,31,24,12,39,20,37,48,50,34,13,12,45,15,44,19,47,43,36,33,16,21,44,44,39,37,41,27,19,20,46,15,45,44,19,13,47,24,44,36,36,47,26,20,45,11,30,46,34,29,48,42
30,32,43,25,42,13,14,39,15,44,33,43,24,37,30,10,48,20,21,39,40,24,29,47,28,24,45,49,28,48,49,44,35,16,31,47,21,25,41,44,30,38,12,26,25,40,18,28,23,20,40,35,36,21,21,15,41,29,43,18,27,40,18,49,14,18,11,16,36,12,37,26,26,49,29,32,27,36,44,21,23,16,35,48,38,39,46,13,19,44,17,20,10,22,22,42,15,27,44,28
20,39,33,23,26,31,35,17,17,47,36,26,45,17,29,22,35,18,18,32,37,13,44,21,33,35,41,36,30,49,13,23,25,13,43,42,22,23,40,18,23,45,37,34,46,47,45,14,45,47,24,33,50,22,12,33,16,21,40,37,25,37,15,16,40,25,14,32,24,19,15,36,19,27,23,41,38,28,23,12,19,36,29,30,44,37,40,46,18,26,42,50,17,48,37,45,18,13,40,43
30,37,33,46,41,42,11,36,18,10,16,16,44,21,22,43,13,33,42,40,48,28,42,42,45,22,22,44,40,38,45,24,20,19,16,13,12,22,28,35,46,18,30,37,24,13,46,31,13,38,49,40,37,26,20,47,47,11,27,29,39,28,15,35,33,49,45,48,12,36,37,44,24,26,41,48,39,12,38,34,41,46,22,26,44,37,10,23,38,13,11,14,21,20,45,20,48,22,38,33
13,36,44,41,22,19,36,33,20,14,48,39,41,49,23,43,19,23,32,21,49,48,33,40,20,37,32,50,42,21,49,36,36,22,26,26,32,10,17,12,25,28,22,34,38,39,34,25,14,34,44,33,41,27,24,21,23,13,16,38,47,30,47,30,26,24,21,18,24,37,43,21,36,40,25,41,41,47,15,22,12,28,46,25,27,24,11,25,36,41,45,48,18,35,34,15,39,49,39,47
34,25,47,11,41,15,31,16,29,19,39,26,38,41,19,22,30,30,11,14,50,15,29,49,27,47,17,38,24,47,21,44,15,32,16,37,44,15,37,42,17,22,22,45,31,39,11,13,16,36,29,27,11,38,46,13,33,18,49,39,21,36,23,14,34,34,12,26,21,29,41,12,18,22,40,14,15,39,30,23,50,34,17,13,41,17,14,41,22,45,34,33,13,29,29,42,49,37,33,44
22,47,22,21,29,15,41,17,12,26,43,33,28,18,32,20,13,25,14,41,24,28,20,32,47,22,43,46,37,27,48,36,24,36,33,50,17,22,21,40,14,43,23,34,25,18,28,39,25,30,14,34,13,13,33,42,32,21,15,49,28,22,14,49,18,24,21,39,43,37,19,11,12,30,27,32,10,23,20,25,40,41,17,43,32,14,17,46,40,35,13,30,15,26,12,39,24,29,38,18
15,38,11,22,39,43,29,19,44,18,34,22,21,25,26,49,26,49,25,15,49,36,48,37,11,25,42,29,43,48,34,42,33,32,19,22,29,31,47,24,47,18,28,31,31,23,35,49,23,37,31,47,24,22,37,25,34,29,44,23,39,12,38,16,45,19,19,12,38,15,24,25,36,24,47,41,17,16,12,28,10,15,36,32,41,45,17,46,32,41,16,15,14,21,40,23,22,47,43,13
13,32,27,17,45,37,45,42,18,44,47,36,46,46,22,49,49,49,30,23,15,29,42,20,23,41,16,30,37,46,11,25,43,43,35,12,12,33,39,15,19,39,18,39,12,15,17,21,38,35,13,43,38,29,45,35,24,13,10,44,48,50,21,31,43,38,33,44,17,37,21,48,27,25,34,31,46,27,23,35,11,24,43,33,42,31,35,45,43,36,24,18,21,41,38,27,46,34,33,49
29,37,31,47,27,33,18,48,39,32,22,19,50,15,32,34,12,22,45,11,46,40,46,41,46,20,27,33,13,35,47,22,27,18,25,29,46,12,30,42,14,29,33,28,21,29,47,32,14,29,49,17,33,22,33,49,43,17,41,14,39,30,34,38,39,25,43,43,12,34,19,43,28,45,18,31,24,13,40,23,32,11,15,30,30,42,40,19,28,34,32,14,17,13,12,14,37,42,44,18
11,12,42,34,47,20,15,14,38,25,33,39,47,11,24,38,44,18,17,16,43,41,26,48,30,44,24,15,10,20,49,20,30,13,45,11,44,34,48,47,40,27,15,14,14,18,16,48,38,45,39,18,37,49,39,23,36,36,46,21,18,35,46,22,48,15,21,27,37,17,36,23,37,17,41,36,32,20,30,33,26,11,45,36,49,20,23,25,32,12,40,36,26,26,20,20,36,32,12,42
12,41,15,12,46,23,45,12,22,42,42,34,24,15,24,42,20,31,40,11,13,47,46,13,32,29,43,41,30,18,38,41,46,47,41,42,15,26,46,38,13,19,41,12,46,28,45,40,32,35,39,42,13,21,47,10,25,14,14,23,45,17,42,40,43,31,23,38,23,22,45,49,21,39,12,25,32,17,18,37,15,49,46,16,40,33,13,33,12,19,41,27,49,22,42,22,33,14,24,22
39,39,24,26,13,13,28,18,11,36,48,24,16,30,14,24,14,42,13,26,49,35,28,36,42,39,12,24,31,22,25,49,15,18,48,49,16,35,11,21,10,49,23,48,33,45,28,21,47,38,35,28,23,20,15,13,26,23,34,28,50,49,30,24,26,34,45,32,24,29,48,37,15,27,21,35,38,30,19,37,42,24,14,11,38,12,37,40,37,44,10,36,44,29,29,44,41,46,41,29
48,18,23,36,43,31,37,44,43,30,30,13,25,22,31,49,38,46,31,29,43,38,41,10,43,45,39,28,30,12,48,46,15,24,10,31,34,12,24,43,48,29,37,22,20,15,44,19,44,16,16,15,27,27,46,43,18,49,23,31,20,27,26,49,12,10,44,14,35,30,15,13,28,30,23,22,22,13,31,46,30,35,48,41,26,13,32,24,44,20,13,13,22,27,40,21,45,28,47,23
49,20,17,44,38,37,33,15,41,48,40,26,47,41,35,43,45,41,34,12,31,45,48,47,38,15,38,12,23,18,29,33,17,41,36,15,32,20,14,16,10,35,42,16,22,46,34,13,46,11,38,32,14,11,14,43,12,36,20,21,16,42,46,14,44,18,47,15,44,15,10,30,39,38,45,31,17,38,16,44,50,32,28,35,14,22,22,24,26,29,27,14,15,50,23,38,12,30,14,14
36,31,44,19,48,26,48,13,44,41,23,35,27,48,30,12,24,32,39,29,17,36,43,49,22,21,16,36,12,13,22,18,47,18,46,42,19,42,25,45,18,17,24,43,21,12,34,30,41,49,31,11,23,25,16,18,38,30,16,44,39,49,50,30,43,50,40,16,37,43,12,13,12,28,16,26,45,30,34,43,43,45,16,26,21,12,14,28,50,25,41,45,29,20,46,49,35,17,15,45
44,49,48,38,43,18,12,24,31,49,12,24,32,14,35,17,47,37,13,35,48,25,29,47,17,32,28,19,36,35,42,11,22,47,29,34,46,18,46,34,26,22,48,15,29,33,10,16,37,20,21,34,25,28,22,11,15,33,50,23,36,32,20,49,45,45,24,17,34,43,26,37,35,43,32,41,11,12,18,22,35,19,39,44,45,25,44,21,48,27,20,40,17,34,32,37,26,28,46,40
35,31,42,50,34,25,50,30,48,16,40,16,26,32,33,12,17,11,23,32,23,41,12,22,11,32,14,47,35,15,16,15,47,11,25,42,13,14,32,16,17,21,15,45,37,39,15,38,18,39,37,14,48,42,39,17,41,32,49,28,19,11,36,43,36,41,34,38,13,20,48,12,33,16,33,29,11,24,32,22,47,49,18,16,48,27,12,25,25,25,15,15,30,42,36,49,30,13,24,19
38,28,25,41,27,36,15,27,33,30,47,19,24,35,25,33,43,26,29,45,42,29,38,40,42,32,45,25,19,17,42,11,13,18,15,40,37,18,23,19,42,31,27,18,36,20,11,30,43,10,25,48,43,30,49,30,32,43,44,21,45,14,38,50,23,31,22,25,21,37,26,19,15,30,42,14,11,27,41,11,19,41,24,44,31,23,23,19,24,43,17,29,16,35,46,15,30,26,13,12
27,20,30,11,33,23,26,41,39,30,31,45,16,48,17,32,17,10,11,30,45,26,23,18,13,42,34,42,35,43,23,34,43,30,38,26,19,36,41,47,23,39,34,20,24,45,32,34,44,49,33,45,12,15,33,29,32,23,22,46,25,27,17,39,47,49,41,18,35,48,13,13,49,19,50,47,50,44,36,47,45,28,27,10,31,45,39,42,42,11,17,15,22,17,49,30,21,21,18,49
16,24,45,31,14,40,38,28,45,18,12,16,39,47,26,22,28,47,42,38,22,24,19,28,46,41,42,31,30,17,12,35,11,22,23,36,16,41,24,14,49,11,12,21,13,24,37,36,45,36,34,28,43,23,10,35,19,40,50,28,18,37,19,31,16,21,16,34,36,32,36,32,14,17,30,42,28,11,12,27,18,13,43,17,38,11,47,49,49,24,11,29,26,10,27,27,47,12,12,39
41,21,21,33,33,33,37,15,33,21,31,36,15,30,15,15,26,15,13,44,14,35,19,17,35,39,31,27,25,24,34,38,26,19,31,43,36,43,16,13,26,36,44,33,47,26,20,49,16,38,42,38,15,13,31,27,12,19,18,39,37,44,14,24,46,24,48,33,49,23,36,11,15,23,13,41,25,42,24,49,14,49,10,38,36,25,22,44,39,22,21,23,42,25,32,23,26,30,36,21
36,26,11,17,41,44,31,47,29,25,15,34,15,17,20,11,14,46,18,20,26,48,47,49,15,33,36,13,17,24,16,22,15,31,29,44,48,12,12,15,47,25,31,46,49,20,45,32,20,40,30,41,48,39,16,18,18,39,32,15,45,11,15,27,17,20,31,47,39,42,24,27,17,28,40,24,29,47,12,38,19,20,39,44,39,21,10,38,15,27,32,20,13,29,32,11,45,30,29,46
41,47,29,26,25,40,38,27,34,23,41,11,35,38,17,22,21,43,30,26,37,28,33,11,35,44,50,40,20,19,36,41,46,48,35,43,17,14,43,32,12,12,12,34,38,37,19,48,26,46,42,26,22,42,27,37,46,11,49,13,19,26,20,48,46,23,14,21,31,24,20,12,16,11,42,29,44,12,40,34,11,17,10,44,44,45,40,11,35,34,26,40,22,42,43,25,40,35,32,14
21,22,11,28,32,36,43,49,24,22,12,20,46,17,13,44,34,26,39,23,37,21,36,20,28,47,33,48,40,19,13,27,17,22,48,48,23,39,12,24,19,24,12,41,32,35,45,18,19,42,48,19,48,33,18,18,38,34,20,35,26,48,29,10,25,48,36,36,11,37,28,30,19,17,43,40,22,22,37,43,37,20,18,47,31,40,29,30,13,22,49,26,35,19,26,38,15,41,49,10
28,19,47,18,17,31,28,43,27,32,18,46,47,17,29,25,44,35,30,22,50,46,40,43,18,17,21,20,49,17,23,22,25,44,37,32,17,34,48,12,14,13,50,44,43,41,41,33,46,24,28,45,29,21,33,45,18,15,17,36,29,32,30,49,39,26,44,17,26,14,11,23,35,43,17,29,46,18,24,20,27,13,12,42,42,45,43,27,33,30,47,11,11,41,26,44,35,33,40,17
31,48,42,20,41,16,37,13,35,29,47,34,14,40,10,14,25,36,42,34,48,38,27,21,23,29,21,34,46,29,48,39,22,50,14,37,22,36,26,19,38,17,12,32,16,37,13,12,47,31,40,45,48,38,16,42,14,20,24,20,49,48,43,35,20,28,12,44,42,13,24,21,29,11,28,34,28,48,45,21,40,19,24,10,30,23,48,21,45,27,46,41,30,11,48,23,32,13,43,22
42,15,38,32,14,13,43,18,35,50,29,32,17,21,49,17,33,15,43,11,15,18,47,21,23,11,13,30,23,17,20,24,24,45,20,41,25,13,43,37,31,17,39,41,13,18,50,46,41,13,28,22,27,44,32,27,34,27,30,32,43,46,16,47,14,41,29,44,25,49,38,46,46,38,26,28,39,14,27,26,46,30,17,28,48,47,25,39,21,26,23,10,23,24,48,14,23,13,16,21
39,31,11,34,36,28,11,14,42,18,43,29,47,15,24,30,33,42,47,16,24,48,18,43,49,37,43,23,28,31,14,41,27,39,17,18,33,14,22,16,46,39,27,49,37,40,44,11,21,24,36,31,44,24,14,27,39,28,18,21,30,36,22,16,11,10,23,14,30,35,22,25,28,32,28,45,14,20,47,11,19,43,37,18,46,40,12,47,25,38,45,11,33,13,21,32,24,21,45,21
28,46,12,43,21,37,23,23,30,37,40,42,27,42,26,29,25,14,32,20,28,40,49,27,33,24,46,11,20,17,26,28,33,25,36,38,34,46,16,24,49,49,46,18,18,35,26,29,45,32,29,22,41,28,45,50,26,24,18,46,12,40,17,23,19,28,35,20,10,40,39,39,19,18,11,12,20,29,17,15,40,23,39,32,40,26,14,26,21,21,40,49,15,44,23,47,34,11,48,20
