47,23,28,34,30,36,34,16,26,26,25,29,13,36,29,8,32,21,15,48,10,12,8,44,6,10,38,26,31,23,24,31,29,33,21,43,6,26,46,30,20,42,23,23,38,42,43,31,46,12,13,43,26,29,17,24,12,45,7,40,27,10,13,47,26,15,46,24,21,41,40,43,11,47,13,16,6,43,8,27,32,36,29,45,45,10,40,46,17,22,9,39,34,23,25,43,19,29,26,39,48,38,35,16,22,17,12,34,33,30,16,33,16,10,24,28,10,25,45,36,34,30,17,15,5,50,32,9,31,6,13,36,16,46,12,10,6,45,34,21,42,27,46,34,35,49,31,24,10,42,17,31,6,28,25,35,17,31,11,33,47,40,50,5,46,7,33,24,34,7,7,16,35,7,37,29,10,20,14,46,15,16,34,22,18,19,15,10,23,14,33,42,23,15,7,19,45,12,18,21
40,40,19,40,34,46,36,20,31,16,33,49,41,29,14,44,40,38,37,6,6,12,33,30,49,46,19,7,36,16,19,17,27,16,49,23,33,48,8,40,47,27,11,50,35,22,20,42,42,44,7,12,12,38,16,7,14,42,41,34,11,49,19,39,35,46,28,10,14,38,24,12,10,42,47,35,9,41,14,39,31,12,35,9,29,22,11,46,43,49,35,8,31,49,38,23,10,22,40,49,20,9,11,44,14,25,20,29,42,12,24,5,30,30,21,44,13,24,41,15,22,5,12,14,44,25,10,43,13,40,19,17,14,31,8,19,50,46,11,49,28,43,18,37,28,18,42,27,11,23,27,46,6,22,26,42,42,47,11,42,36,23,11,40,22,31,30,27,12,34,18,45,14,41,38,29,24,50,33,23,18,44,7,9,25,40,17,17,44,48,38,10,47,28,26,31,39,25,45,41
10,18,26,38,45,21,46,23,12,6,6,15,44,28,26,28,26,19,32,40,50,14,18,8,32,14,18,7,48,8,8,27,44,35,33,32,48,24,9,22,30,26,37,12,48,34,9,48,13,22,15,17,24,8,46,21,36,25,34,10,15,10,15,29,22,46,25,11,14,14,41,12,6,30,24,11,26,32,37,35,24,10,46,19,27,22,11,38,23,6,37,38,22,37,45,38,47,43,43,31,25,23,11,46,31,7,19,35,40,32,44,13,37,42,38,10,40,14,21,47,8,7,47,26,15,41,50,13,49,44,46,47,31,44,14,25,22,16,41,48,14,30,17,20,7,18,35,46,24,32,7,22,30,24,32,37,22,9,33,10,28,50,33,12,39,9,47,29,14,34,24,18,39,13,47,18,45,28,34,34,45,29,21,21,50,37,35,10,39,9,34,45,8,48,23,38,45,36,6,48
11,35,19,43,43,12,29,45,43,8,15,46,9,27,40,11,46,6,28,6,31,33,9,36,18,23,18,37,39,29,16,9,19,18,33,12,29,49,22,18,36,48,37,14,44,16,6,11,26,42,20,29,27,21,42,36,47,33,48,24,25,45,41,46,16,48,31,14,14,38,32,30,25,26,41,7,28,35,35,24,42,38,48,15,25,41,39,12,38,42,19,49,37,5,26,30,48,31,40,46,16,18,48,45,23,12,20,21,17,42,15,36,20,26,29,6,46,6,26,47,46,8,30,11,33,39,10,21,21,25,47,34,23,12,36,9,24,12,44,41,26,38,26,49,46,37,30,7,8,33,44,13,16,7,14,21,18,6,41,13,11,46,7,26,27,32,48,24,25,43,28,16,45,49,16,31,32,13,28,23,23,46,18,13,41,6,19,15,14,9,28,48,32,34,35,46,22,44,49,9
23,35,33,49,48,9,9,32,17,11,24,9,17,41,50,37,30,22,17,34,39,28,28,15,45,28,38,43,16,42,13,6,33,7,5,42,48,48,18,13,30,35,46,29,41,36,46,26,44,31,7,19,10,19,44,40,13,47,49,16,19,10,25,16,18,34,42,34,31,48,10,35,48,49,47,19,40,41,31,9,36,25,17,15,10,46,8,5,19,33,19,49,43,42,6,21,28,40,21,10,17,39,39,18,33,40,36,16,20,17,36,15,28,44,26,27,47,29,50,26,26,48,16,8,6,27,35,7,24,26,45,22,26,48,45,36,30,40,19,15,23,43,39,24,43,24,41,41,39,47,16,25,40,25,42,36,9,43,48,16,43,11,8,19,46,7,38,37,47,47,28,46,42,36,16,48,28,39,28,12,30,15,23,49,38,12,27,47,42,18,46,22,21,33,5,45,45,31,29,7
21,20,26,34,47,28,26,46,34,30,17,35,19,46,27,42,45,9,24,24,32,46,38,11,34,45,23,25,9,19,31,17,26,19,23,20,49,23,49,21,16,15,36,40,35,40,8,37,29,28,44,42,48,18,6,18,39,40,10,42,14,32,50,14,23,7,44,45,46,32,20,18,41,23,30,11,16,20,31,43,5,19,19,40,42,15,35,40,21,21,42,37,29,21,29,6,17,48,27,21,16,24,7,43,36,15,25,24,50,31,38,18,11,35,10,47,33,13,41,18,42,41,18,13,8,9,46,20,30,25,46,39,41,25,11,49,24,43,16,50,37,49,10,17,30,12,27,27,38,49,20,11,8,38,20,16,30,23,5,33,43,43,25,31,34,28,39,27,9,20,27,45,47,28,25,25,43,24,37,31,36,16,25,38,41,40,44,47,29,13,6,10,31,26,40,37,11,44,15,8
26,7,24,45,18,33,13,18,29,25,47,23,19,43,7,18,13,27,46,47,34,27,38,15,15,48,28,10,49,48,15,40,31,12,40,28,49,11,44,23,49,24,15,49,20,42,20,5,14,39,17,32,38,18,13,43,28,22,36,38,25,47,32,42,31,43,5,10,45,31,10,9,12,31,14,21,10,7,20,23,30,35,10,45,8,26,42,15,35,40,17,8,6,31,6,44,12,8,22,42,34,8,11,44,22,35,49,18,19,28,10,22,36,18,11,29,11,43,21,36,45,12,15,42,32,23,20,42,14,41,40,48,6,13,33,43,23,25,39,41,7,7,16,30,17,31,16,17,14,26,40,6,48,11,24,46,23,43,44,38,7,16,18,14,25,23,34,30,27,29,9,12,30,38,9,10,20,19,45,46,46,49,40,16,12,36,46,39,9,37,40,47,12,49,34,45,48,12,21,13
41,33,49,33,37,7,34,27,10,20,45,29,45,45,39,25,41,27,29,16,39,38,5,38,23,34,12,33,10,28,41,10,45,27,28,32,11,30,43,43,35,44,41,6,35,49,6,45,35,25,32,12,34,29,15,26,39,29,21,39,28,48,22,38,43,28,14,14,9,28,14,43,33,43,38,39,16,45,36,19,33,13,40,10,49,33,10,33,13,36,12,25,11,35,10,43,17,34,9,47,19,12,6,32,46,36,30,11,41,38,48,25,50,34,46,20,15,35,15,14,32,24,28,12,27,24,33,42,20,18,36,23,6,8,25,12,6,45,49,31,28,34,24,11,47,27,46,50,43,40,20,24,15,46,40,21,35,10,29,25,44,47,12,37,33,46,46,36,18,5,29,15,46,29,28,37,26,30,41,20,8,33,19,42,7,16,46,12,12,36,24,7,34,22,6,7,23,14,18,39
26,23,6,7,47,26,31,28,45,9,46,25,19,6,48,10,32,43,44,42,30,29,10,31,17,26,7,44,18,33,13,42,17,33,12,38,29,24,25,43,11,50,46,38,32,41,25,34,28,13,35,10,21,11,10,24,10,18,6,12,27,35,43,38,27,6,10,29,22,41,50,34,26,37,48,6,20,49,32,22,17,39,13,40,28,23,29,47,40,19,23,20,38,13,41,34,15,22,21,14,27,13,34,24,12,34,23,46,16,16,39,24,31,31,12,48,13,44,7,12,29,28,7,28,20,10,16,36,42,6,31,12,48,37,21,22,8,17,41,35,33,32,41,9,14,6,48,47,33,13,31,27,19,47,44,9,35,13,15,32,48,45,30,46,19,15,9,35,18,21,42,25,26,33,34,36,28,42,45,41,15,7,7,42,37,19,47,13,40,45,48,18,43,27,30,46,13,47,42,14
44,12,29,42,49,45,41,21,24,18,9,9,34,35,45,37,18,29,27,35,21,39,34,43,5,18,10,15,6,40,14,35,40,20,46,36,16,19,11,27,39,21,24,14,23,16,22,47,15,6,25,10,31,42,22,41,40,6,11,42,44,8,11,42,44,40,43,35,34,34,22,18,14,31,43,43,9,40,24,44,33,34,38,38,7,33,20,39,25,36,43,14,40,42,24,29,44,29,18,32,16,11,36,28,25,45,16,27,40,35,46,26,49,45,44,10,39,47,24,27,28,14,15,33,20,17,20,37,21,35,6,32,47,36,9,43,8,23,6,14,12,40,12,31,14,25,10,28,30,29,44,10,46,37,40,35,10,28,31,44,46,22,6,47,37,41,32,26,25,16,26,15,34,13,35,24,30,18,26,10,33,43,16,49,22,22,28,43,21,11,33,15,43,47,30,8,44,29,40,45
22,28,20,16,33,6,19,20,35,10,17,23,8,42,7,43,6,46,17,40,21,30,18,35,14,39,17,20,8,25,39,50,8,40,50,9,32,16,18,40,12,20,32,22,24,6,31,30,31,17,39,6,24,23,27,38,37,10,10,18,43,8,14,7,33,25,26,20,25,29,6,8,26,9,13,18,17,45,8,45,10,43,21,36,47,49,29,42,30,29,20,39,12,20,33,42,43,25,11,37,12,23,23,37,30,44,34,21,9,7,17,47,14,20,41,32,42,16,16,41,44,30,27,32,12,41,37,30,37,8,43,22,43,13,48,10,43,37,27,34,37,19,17,9,27,37,5,45,7,22,9,14,9,48,29,21,42,39,10,42,49,23,16,8,11,18,37,25,24,13,13,21,47,17,20,34,23,40,6,31,18,28,47,26,46,15,17,41,37,39,47,15,22,18,19,38,21,39,46,15
38,46,37,9,16,10,23,12,28,24,30,32,42,27,20,35,47,19,6,32,16,25,17,18,30,18,17,28,28,33,8,11,38,9,38,22,25,50,24,43,38,35,25,44,25,18,16,45,34,20,19,31,46,27,5,28,44,35,28,48,33,38,49,38,36,37,27,47,22,40,22,44,24,49,31,5,6,9,9,24,7,25,20,24,45,47,50,6,6,46,31,18,15,25,30,28,33,23,29,35,27,10,26,30,7,46,30,17,21,13,6,7,37,27,20,11,42,30,43,12,17,48,36,24,29,47,28,32,7,46,50,30,43,16,36,6,22,25,47,7,22,49,27,36,45,47,15,46,48,50,15,43,6,34,15,16,45,23,48,39,31,25,33,19,26,38,13,42,42,31,21,48,33,47,31,41,27,30,29,11,49,22,18,25,39,17,44,46,13,49,29,50,26,28,30,50,43,25,46,44
27,6,47,33,46,33,18,24,7,29,49,16,42,44,24,8,17,43,12,13,28,17,14,33,37,9,32,19,17,43,23,32,39,23,12,42,32,35,30,46,22,22,18,16,13,31,16,18,10,42,19,18,45,47,24,35,22,6,36,22,46,48,28,41,47,13,15,27,31,43,32,6,40,12,8,41,34,12,33,49,28,34,13,38,17,34,37,15,11,23,33,25,39,26,24,31,46,21,19,41,38,24,50,32,39,43,26,50,6,13,18,39,10,14,34,26,12,24,29,10,18,49,47,27,42,10,8,10,48,28,42,35,22,18,6,17,41,16,10,26,11,31,28,17,11,26,35,6,8,21,37,45,34,6,23,35,18,25,40,30,8,45,11,24,13,31,13,13,11,47,7,33,23,32,12,24,50,12,45,48,24,13,12,28,12,34,45,10,42,27,49,41,44,47,44,21,25,14,20,49
22,11,46,8,47,50,23,42,24,36,49,21,20,10,35,21,18,42,30,6,24,29,9,36,36,16,27,42,27,29,39,30,33,38,33,19,15,34,42,15,19,25,27,10,9,7,40,23,28,27,6,27,21,46,19,28,16,13,49,50,47,45,26,25,38,6,37,9,47,48,42,45,48,38,29,43,15,32,40,42,42,21,34,32,22,48,17,36,29,14,6,19,12,31,38,20,18,20,25,16,16,34,42,32,21,35,30,16,19,5,31,37,49,33,12,29,10,41,18,21,18,9,32,46,30,33,13,32,43,11,30,48,24,28,20,44,34,49,29,21,25,14,30,14,37,17,20,15,33,17,42,14,33,13,41,28,28,22,24,25,50,30,15,43,10,33,25,48,17,49,22,20,20,49,23,20,29,28,33,13,6,50,12,20,41,46,46,34,20,16,10,28,13,8,49,46,14,7,36,30
21,27,16,46,16,35,45,28,19,24,41,5,19,16,5,41,7,46,25,30,32,32,31,41,17,12,33,22,6,43,31,42,37,13,47,47,46,47,11,27,30,30,47,20,23,20,46,5,9,12,47,31,49,42,47,17,19,35,50,6,14,10,11,43,36,47,8,24,27,13,27,30,22,19,40,23,24,22,15,49,42,34,38,6,21,45,33,38,40,21,35,28,22,15,13,16,37,33,33,45,41,23,39,35,11,43,28,49,22,23,29,49,9,12,24,21,44,47,28,41,17,15,32,45,25,26,8,32,33,50,47,36,22,35,19,42,35,34,34,22,9,8,14,34,48,42,13,34,39,33,29,48,30,5,24,43,36,18,33,16,14,40,28,23,37,18,24,23,32,44,13,12,41,25,45,10,23,24,45,34,32,47,17,48,21,38,6,48,31,34,6,7,26,18,50,8,41,9,24,6
14,34,22,38,40,37,36,32,7,20,10,49,45,47,6,49,46,38,17,6,48,25,32,23,43,42,34,13,21,23,5,20,20,26,12,40,14,49,37,19,9,16,13,39,46,32,44,17,18,22,48,12,20,45,32,12,11,23,29,34,20,31,24,10,16,50,13,29,42,12,7,29,27,29,44,49,22,8,36,44,39,40,48,31,41,10,5,8,37,27,27,16,21,19,11,6,5,22,17,48,32,7,37,18,37,28,45,11,11,22,40,35,7,12,26,21,41,13,43,46,34,48,30,47,16,24,8,14,37,27,5,48,36,34,7,38,45,42,24,35,29,35,29,23,22,6,8,36,40,15,12,11,37,46,28,44,21,33,5,21,31,25,38,39,16,25,44,29,16,9,30,9,47,41,21,20,11,50,18,23,31,34,5,40,10,47,28,42,46,34,49,19,27,23,16,37,35,47,29,19
36,10,15,34,23,47,19,11,43,22,19,27,21,42,25,50,44,24,40,28,30,29,42,27,49,11,13,38,16,10,37,44,16,37,30,13,44,8,33,15,24,24,15,44,19,45,29,27,49,15,23,33,38,8,47,28,34,6,6,44,28,19,22,10,5,45,42,20,6,7,16,40,6,48,33,9,42,7,18,18,18,9,24,40,46,6,45,46,13,23,19,6,15,47,41,29,23,8,45,8,23,21,26,17,31,26,44,17,18,36,41,22,19,50,22,35,14,6,14,28,12,29,36,16,40,7,15,43,23,31,12,14,26,13,5,44,36,5,13,39,37,39,49,8,26,31,24,37,7,37,6,27,8,33,25,46,24,26,35,7,44,44,20,11,21,8,18,18,32,21,37,36,13,21,43,24,43,28,27,24,25,17,9,37,49,19,27,18,8,33,45,10,8,33,32,28,16,20,37,44
46,35,28,9,18,22,32,18,19,23,14,46,14,13,29,40,25,21,32,45,6,47,13,47,23,6,39,40,41,5,15,48,16,32,35,37,9,50,46,9,33,19,25,24,11,34,42,41,37,13,9,15,43,47,40,50,44,44,19,45,8,17,24,13,8,37,47,33,32,38,22,23,22,44,48,30,16,20,22,47,23,33,19,40,42,9,38,20,7,40,43,13,43,19,22,27,24,8,40,23,6,23,8,10,17,38,20,18,27,49,43,20,14,35,39,10,32,50,21,47,7,28,39,37,28,5,32,12,48,32,32,36,16,49,26,40,37,36,16,49,43,29,28,19,18,43,31,40,12,11,20,46,39,49,21,6,45,16,22,7,30,26,33,24,35,44,34,44,50,25,7,42,44,33,41,35,20,31,12,15,5,28,46,30,39,25,9,39,29,15,22,13,10,30,34,16,46,44,12,15
47,46,33,46,19,37,23,44,12,7,28,48,43,37,29,11,41,7,42,30,5,31,38,44,13,39,46,6,34,47,14,30,41,27,46,26,19,23,20,13,36,8,21,31,6,11,7,20,28,39,32,11,17,27,35,23,47,23,48,36,27,8,35,21,24,28,41,33,49,25,39,42,41,14,29,23,13,48,23,11,49,13,8,26,38,32,29,14,31,28,17,37,43,19,22,32,12,35,23,37,15,25,21,41,49,34,21,13,31,33,38,37,45,43,26,14,48,23,19,15,17,28,35,10,32,31,28,37,28,23,13,15,14,18,22,17,8,13,5,10,23,6,31,7,36,38,37,8,39,8,42,21,32,38,25,7,31,38,29,42,15,16,44,38,40,6,24,30,22,12,47,22,31,16,29,27,22,43,42,7,40,12,26,16,23,9,41,39,33,36,25,27,48,47,6,12,37,22,7,46
49,28,27,30,13,33,9,17,37,20,42,27,8,28,21,48,26,24,31,20,41,29,16,10,46,40,46,33,25,15,15,45,37,26,33,11,40,20,42,43,13,24,44,32,14,29,40,23,8,25,48,41,38,8,7,36,38,30,15,8,29,7,43,42,34,6,34,38,31,20,37,34,9,42,42,40,40,28,35,12,27,32,36,27,26,38,6,40,10,37,45,19,33,47,31,41,9,49,23,18,22,5,39,21,34,24,26,8,12,28,17,46,15,49,15,30,22,47,28,14,44,45,38,32,45,23,31,44,35,11,44,47,38,48,46,21,21,11,39,8,23,44,20,12,40,24,49,45,12,14,41,6,36,36,17,18,46,27,31,41,49,12,17,14,41,19,44,14,36,17,19,46,34,42,9,16,46,23,28,26,17,40,41,31,28,21,35,17,41,7,31,48,24,21,35,30,34,21,38,35
29,44,44,10,34,11,24,18,10,21,34,25,10,21,5,25,25,29,18,41,43,41,23,31,40,7,32,43,30,44,30,29,20,35,30,41,48,49,29,37,38,28,23,31,6,35,18,28,43,12,15,16,29,35,31,23,42,45,8,40,17,49,10,46,20,22,42,14,27,12,27,10,35,7,48,22,10,34,40,14,42,30,36,24,27,50,14,45,13,9,9,20,31,49,21,34,15,46,44,28,44,42,10,29,12,11,45,28,47,36,10,40,19,6,10,23,47,19,50,23,27,41,45,41,16,19,31,18,32,28,27,33,32,20,27,37,37,9,48,16,30,29,15,20,21,29,16,37,24,5,35,8,21,11,21,41,35,39,17,25,49,47,47,18,32,41,47,6,46,11,47,27,28,36,23,9,45,40,45,25,44,15,19,32,46,45,8,34,10,19,40,34,16,34,30,18,32,17,42,39
17,48,22,18,12,36,36,17,43,8,27,31,11,37,31,11,34,25,7,28,11,26,8,29,30,40,35,43,35,7,43,14,37,37,20,41,16,26,29,9,9,42,33,24,36,48,15,21,29,9,47,24,50,19,47,37,24,16,34,32,21,42,27,33,10,49,42,48,14,18,49,25,22,22,25,9,36,33,19,36,25,12,37,13,31,10,30,5,29,22,25,15,6,5,40,8,41,17,12,37,13,7,32,44,34,44,26,50,15,26,48,14,19,39,43,43,37,43,8,14,18,45,10,22,20,44,42,31,41,48,30,23,22,41,7,47,13,5,13,20,15,8,13,18,50,37,27,25,14,37,38,14,38,22,42,40,49,44,5,43,45,6,37,12,33,9,15,5,18,46,5,12,18,16,36,11,32,17,31,12,37,23,13,8,25,33,8,10,19,40,12,36,44,35,39,30,35,29,29,35
13,16,40,8,40,27,49,35,37,21,25,32,34,30,18,30,43,16,43,35,12,13,26,37,21,11,25,19,23,6,40,26,11,33,11,9,38,9,37,32,31,16,42,37,26,31,24,24,36,17,33,48,40,10,39,12,50,47,16,6,25,25,27,26,48,12,8,17,24,49,11,35,10,13,8,37,45,8,5,22,12,16,20,17,18,16,29,25,19,6,29,31,44,42,43,43,27,15,40,39,26,38,38,31,36,20,45,24,8,5,43,42,14,27,23,12,44,41,20,26,10,6,11,17,15,15,5,11,18,34,19,38,38,37,33,35,49,11,20,22,27,19,45,38,46,16,44,36,18,27,22,17,5,6,31,12,42,40,43,16,31,32,31,38,37,24,12,8,37,38,38,35,38,46,23,11,8,21,32,35,21,35,26,46,41,20,6,37,11,12,50,8,33,42,19,45,39,48,25,16
11,28,31,11,37,16,40,34,5,32,6,20,21,34,19,22,20,33,12,19,25,33,41,38,46,37,12,39,13,7,45,41,14,41,34,32,46,40,45,25,23,26,33,12,48,29,48,18,43,26,45,19,5,36,43,6,9,25,39,8,7,16,45,9,42,23,25,36,49,30,10,15,10,25,22,8,9,39,29,17,9,15,7,36,20,48,25,38,29,11,21,8,9,25,30,36,34,26,28,44,13,39,11,46,27,7,16,28,39,26,45,18,16,33,35,19,43,35,28,17,28,13,6,39,37,10,22,7,5,25,32,42,25,43,8,7,13,32,46,15,20,40,36,30,19,32,41,43,20,42,40,7,6,33,29,14,34,25,29,13,6,36,29,35,32,42,44,31,19,39,42,36,33,10,26,40,40,40,7,26,27,26,31,45,30,14,6,15,23,44,30,18,24,23,45,16,40,18,43,29
33,41,49,7,34,30,27,31,36,9,22,24,39,6,17,46,23,21,33,34,48,7,48,14,30,45,9,41,12,30,36,10,38,12,43,13,34,9,9,15,33,41,29,16,38,34,6,9,30,44,16,11,42,34,32,27,28,22,13,22,15,11,23,28,46,49,46,10,15,25,28,31,47,6,34,31,40,14,21,29,9,41,31,13,22,35,50,43,22,16,30,17,21,12,29,18,36,35,29,31,45,26,14,20,6,21,43,45,28,28,46,8,14,19,31,36,41,15,44,21,32,18,38,6,35,8,14,22,40,44,10,11,38,19,35,37,8,19,22,24,15,27,14,32,46,47,34,31,28,19,24,38,13,22,45,14,11,15,37,35,36,42,20,39,45,19,30,48,15,49,20,21,11,21,39,37,44,46,20,27,31,40,9,7,14,29,40,38,28,5,43,33,31,47,7,37,5,16,20,33
43,33,28,37,32,22,30,9,34,18,39,8,31,14,14,10,35,19,33,23,46,13,44,20,9,33,48,39,38,46,36,10,30,27,23,22,29,32,15,13,10,44,34,32,19,30,14,23,25,32,11,10,7,15,23,39,31,18,15,13,30,14,43,49,46,42,33,24,13,20,30,42,9,20,42,45,13,46,37,23,34,49,24,48,35,21,12,28,48,16,50,14,15,29,40,38,50,23,42,17,27,28,44,15,37,16,19,34,48,31,31,30,9,34,11,42,46,23,28,16,36,37,25,10,9,46,31,10,10,47,14,7,18,37,26,49,12,41,20,32,27,26,42,7,47,32,32,15,24,39,13,49,41,46,17,44,7,15,48,34,13,9,45,37,26,43,35,30,16,33,42,44,10,42,47,29,35,46,7,37,21,19,38,32,26,42,12,28,8,22,40,43,29,17,24,29,29,20,36,41
32,41,11,39,30,41,38,25,33,36,47,44,38,23,11,28,46,7,15,36,9,13,15,18,8,6,32,50,30,46,12,39,40,6,34,9,25,5,8,47,35,17,13,28,21,24,45,17,35,42,36,17,17,21,32,46,30,38,47,31,17,6,49,48,45,18,7,14,21,32,33,32,43,8,44,7,42,21,36,37,11,9,49,48,16,17,27,7,45,19,49,6,24,24,50,42,20,40,29,35,33,12,34,16,25,44,38,41,46,13,41,16,39,20,20,35,19,17,25,28,23,43,6,33,42,10,10,39,44,19,8,14,36,34,23,41,34,15,19,12,33,46,19,9,47,48,10,17,6,38,32,6,43,46,24,47,43,6,36,48,43,27,24,14,36,31,15,36,18,21,41,18,49,22,44,45,20,13,24,7,25,30,44,6,37,5,44,33,42,8,17,27,31,41,10,42,12,24,28,6
34,17,47,12,29,19,45,25,34,43,39,40,28,43,15,33,11,19,45,17,27,17,29,38,25,15,18,28,48,28,36,44,12,12,50,20,28,48,46,38,45,22,21,31,13,40,14,6,46,7,22,32,14,15,27,46,35,47,10,42,15,12,35,21,39,21,25,15,30,26,49,24,48,8,48,33,13,9,15,18,19,36,46,28,8,10,27,31,17,36,18,22,44,6,32,44,47,12,36,27,22,12,32,36,48,38,47,47,30,47,45,43,47,30,39,18,23,17,9,43,11,47,36,11,13,32,48,29,19,28,15,7,48,36,47,13,14,7,47,34,33,30,12,26,43,48,25,20,17,6,41,48,20,16,6,22,23,23,13,23,22,11,24,45,21,38,16,33,13,12,32,14,14,26,17,31,24,31,26,33,39,25,28,33,45,34,36,48,43,34,32,12,22,31,32,30,28,25,7,49
36,40,42,21,6,46,5,25,40,29,48,22,35,43,46,43,41,48,17,33,16,47,34,25,6,32,49,15,14,48,44,36,20,40,24,29,45,32,30,7,46,36,11,39,8,18,39,42,39,26,5,22,23,41,44,22,15,29,47,14,45,18,46,31,25,41,21,31,7,40,6,33,16,46,17,40,7,12,21,31,14,39,21,29,23,28,22,20,48,24,7,43,19,38,45,22,5,16,21,16,12,44,46,39,43,29,12,14,43,19,33,26,42,30,34,19,8,32,27,43,40,44,44,46,40,30,31,11,46,50,44,15,11,26,20,27,11,8,11,49,11,26,29,31,16,13,6,17,11,18,14,31,12,7,7,46,17,12,39,15,19,23,15,33,26,26,6,9,48,21,22,7,44,45,39,16,36,32,11,44,40,43,19,12,48,46,23,39,12,39,28,25,18,38,15,21,39,16,40,10
43,37,13,9,6,41,43,6,45,16,6,40,48,14,32,10,28,41,13,30,11,14,39,44,42,6,19,36,46,36,39,36,29,16,38,5,43,29,44,7,12,18,19,6,12,17,21,16,36,49,39,27,24,32,24,30,5,41,10,32,10,11,27,7,16,41,20,25,13,41,14,28,5,9,30,8,14,26,42,19,44,30,24,40,10,31,27,42,22,40,28,7,35,31,40,43,38,36,38,18,7,10,36,43,26,6,24,8,38,42,35,35,40,12,36,31,49,20,28,34,19,45,26,30,50,36,29,31,38,50,14,16,20,31,31,21,23,37,18,30,37,8,9,43,20,25,49,26,6,43,37,49,49,19,27,35,24,6,18,41,18,47,43,27,16,37,45,43,20,10,33,22,48,29,42,24,30,33,25,48,38,29,15,34,22,29,46,36,22,13,46,12,36,24,32,14,35,34,30,31
50,9,37,20,46,36,48,31,42,30,37,46,41,39,43,47,16,43,40,14,20,43,9,24,11,38,23,31,26,6,33,45,28,25,18,31,9,46,26,40,23,42,25,21,30,17,35,17,17,7,27,19,11,48,7,47,33,41,14,32,33,17,44,11,7,14,22,11,38,43,8,50,25,34,40,37,18,15,20,26,12,17,44,21,40,24,25,24,31,36,39,36,37,36,29,24,14,28,7,25,27,16,23,30,12,33,46,29,17,42,6,26,40,27,45,28,24,44,18,34,10,23,18,42,36,9,45,39,49,5,8,37,24,10,14,36,31,22,20,6,16,17,46,41,34,26,10,12,38,15,11,21,43,29,36,19,23,46,46,13,27,29,19,38,21,39,26,45,16,33,17,17,46,13,32,12,28,26,9,24,18,10,39,39,5,47,43,42,50,31,23,45,41,18,11,34,8,11,43,31
41,38,49,23,13,24,39,48,34,6,38,13,38,34,20,10,35,19,6,13,35,31,35,31,12,41,45,36,7,12,38,7,39,17,35,13,23,48,17,46,18,31,50,37,7,23,50,23,14,45,24,35,42,12,42,48,43,12,10,23,13,27,28,40,36,18,22,45,37,36,15,19,39,21,42,35,13,29,26,50,47,15,24,17,11,37,17,42,12,25,12,35,32,39,20,20,6,13,48,49,32,17,50,26,36,16,47,36,10,40,18,34,41,21,37,37,13,33,10,34,13,15,42,21,38,39,38,30,22,25,35,31,44,43,43,15,29,15,27,18,11,47,6,24,29,41,32,37,38,18,6,32,21,8,45,37,17,17,36,43,9,18,6,17,29,45,12,22,21,20,11,24,12,32,9,33,36,18,11,10,44,37,26,46,41,7,28,43,24,44,32,12,41,29,6,30,19,36,48,36
40,33,37,12,20,27,30,35,19,43,48,40,35,14,33,19,42,22,30,39,29,36,43,19,37,32,37,45,22,34,36,37,28,43,17,27,9,32,42,46,20,42,17,39,10,49,30,9,47,47,17,25,29,33,33,41,10,44,11,10,20,46,12,43,31,19,37,22,47,32,27,48,45,22,15,28,26,37,32,33,41,27,37,20,38,22,12,41,19,41,12,7,17,31,23,12,46,42,17,31,23,30,12,29,23,17,38,30,15,38,34,12,23,16,19,49,40,46,20,31,37,20,45,43,23,47,36,47,9,32,40,12,17,38,34,19,18,39,27,34,27,17,32,21,43,46,16,29,16,47,25,44,38,14,22,48,40,49,38,18,31,10,39,44,38,26,15,11,22,43,30,5,6,5,30,45,31,35,27,34,26,26,47,14,29,50,6,33,18,39,19,50,45,20,25,38,24,45,23,28
49,29,43,13,16,37,16,31,17,36,13,25,8,23,45,8,7,8,10,15,27,8,8,25,45,38,6,48,7,20,49,12,27,35,31,8,21,20,43,9,24,34,28,30,50,39,42,7,49,43,18,17,48,8,39,15,30,42,28,14,26,42,9,44,15,28,10,23,15,27,36,50,34,44,26,34,46,14,14,13,19,33,36,38,46,18,5,23,39,45,25,39,39,19,12,14,10,15,32,12,49,13,45,47,50,49,47,45,47,15,39,15,14,32,45,45,30,31,46,50,8,40,5,42,22,9,50,31,25,28,21,16,33,14,44,37,22,37,30,14,11,49,26,17,17,40,9,38,21,44,18,9,13,42,38,44,32,5,23,21,30,49,30,37,10,34,11,35,22,21,26,10,25,31,16,33,18,7,40,11,12,41,16,37,28,13,40,8,9,41,31,27,14,7,46,11,27,40,13,15
32,9,34,46,14,30,9,37,10,21,25,40,34,37,50,22,35,32,30,13,11,6,45,26,42,17,45,8,37,31,39,39,25,17,25,23,25,27,21,48,34,32,29,33,19,25,25,50,18,7,49,8,27,20,40,41,43,14,10,25,17,30,49,14,33,46,14,22,37,37,11,49,41,14,12,11,24,33,43,38,40,15,22,19,20,41,47,18,21,11,42,48,27,12,37,12,25,13,47,28,45,22,28,44,23,40,44,31,14,22,28,49,14,21,32,14,46,15,46,24,8,30,45,48,37,24,13,25,15,8,18,47,27,19,42,31,28,49,20,21,9,43,8,13,9,30,26,22,18,5,33,24,29,15,19,30,42,43,33,45,38,21,38,37,46,13,10,6,38,35,43,16,47,27,50,40,33,13,8,37,10,29,10,13,33,24,32,14,6,19,14,11,10,8,33,47,47,20,28,35
44,41,44,42,13,13,24,35,29,28,47,39,37,31,9,14,42,48,27,45,24,28,9,39,42,14,8,9,21,37,49,14,31,22,45,6,42,42,48,16,47,14,42,39,11,8,49,11,17,38,14,39,26,17,28,5,34,39,47,33,11,14,19,12,41,25,19,39,42,34,12,35,30,42,36,8,45,19,50,33,40,31,8,31,20,28,16,36,26,44,14,24,49,9,39,44,50,15,38,19,19,17,13,19,12,10,14,13,24,44,33,13,21,17,36,38,46,25,24,27,15,40,40,10,6,24,22,22,47,18,40,10,45,36,22,48,47,48,16,9,19,28,31,10,23,10,26,23,45,15,47,47,43,34,45,48,36,11,25,29,46,29,25,42,14,14,14,13,34,41,43,33,47,5,28,31,16,46,26,38,50,23,10,19,8,41,9,25,10,31,9,35,31,6,28,48,37,7,29,48
17,33,29,23,48,28,44,35,48,27,19,15,50,26,48,14,11,7,39,29,16,7,43,27,44,12,26,47,43,26,34,15,40,37,34,14,9,17,20,42,30,22,43,36,40,40,14,21,38,42,24,36,31,32,21,14,18,23,29,38,16,9,10,21,34,5,40,24,46,10,15,38,40,11,42,21,28,19,25,31,7,10,7,37,29,42,46,29,20,27,9,25,12,6,7,39,7,45,13,44,32,37,37,31,42,22,39,30,31,6,30,34,35,41,23,5,43,40,7,39,43,12,15,40,26,14,18,8,43,25,19,22,17,6,12,33,20,33,30,34,38,27,14,31,38,15,14,22,44,38,32,33,23,29,43,18,44,41,7,11,43,11,39,11,26,13,29,39,46,34,35,42,8,45,42,10,25,27,19,22,13,35,29,9,7,38,47,16,39,15,32,42,30,37,46,8,44,38,35,25
34,34,24,35,9,27,18,15,44,14,16,12,17,29,23,13,41,22,12,41,12,20,26,31,33,16,20,29,18,24,48,42,39,19,48,6,30,40,27,12,35,24,18,34,31,33,19,34,11,48,5,37,22,15,23,26,16,42,13,36,20,31,49,28,28,41,44,44,12,44,34,18,32,49,33,34,5,32,37,9,6,44,38,10,10,37,28,21,5,32,25,30,32,35,22,8,14,35,20,35,19,22,24,11,25,10,46,25,19,9,37,46,26,40,8,19,42,27,26,6,20,13,24,14,15,22,35,39,15,41,14,42,7,43,7,20,24,29,12,30,47,39,20,23,7,33,29,12,31,17,33,23,38,7,40,15,18,31,8,49,16,41,16,21,11,27,7,23,30,20,10,42,37,37,27,14,49,22,24,37,12,22,14,13,44,37,41,17,13,8,7,11,17,34,47,35,13,37,10,17
23,6,40,8,33,48,24,36,46,42,45,46,42,10,45,19,18,30,45,17,38,16,22,29,22,46,38,12,39,50,10,36,15,33,46,37,19,30,41,49,43,14,11,17,45,16,14,39,40,22,34,20,21,50,35,14,36,31,21,44,21,32,17,48,37,20,48,21,31,22,28,47,33,42,49,23,19,32,21,42,17,19,25,18,41,25,12,11,36,15,26,15,22,28,48,25,45,48,31,46,33,7,23,32,46,29,21,49,49,38,35,43,6,18,34,42,7,43,21,43,22,35,34,44,49,41,22,25,29,28,44,6,29,16,35,33,7,47,8,38,34,19,28,46,22,32,12,17,7,27,19,20,36,12,28,43,35,47,32,24,48,13,31,9,8,41,37,17,36,22,29,7,36,19,10,16,23,18,32,20,21,47,43,14,17,28,15,8,19,46,34,41,45,9,13,13,17,32,40,7
40,39,36,26,15,24,10,32,34,27,35,34,10,37,48,20,45,12,43,34,37,35,46,38,45,32,23,49,37,45,14,24,39,14,31,47,5,12,24,48,45,38,21,33,49,40,48,11,20,34,5,46,48,26,38,26,27,40,15,35,8,35,10,8,41,45,36,10,14,24,42,30,15,48,42,45,31,35,33,18,29,37,50,26,39,44,14,20,30,13,42,36,48,24,12,40,19,34,35,11,22,41,22,6,43,43,21,38,33,24,39,15,19,46,29,46,37,30,16,6,8,27,44,16,24,9,25,34,25,30,30,40,34,46,22,17,30,25,49,21,48,40,13,20,27,28,32,7,22,33,19,50,22,24,21,28,38,21,15,31,10,44,35,39,39,42,27,25,12,16,15,15,24,49,39,45,48,50,21,43,34,30,17,41,47,42,6,35,35,11,45,14,8,13,22,42,15,11,10,17
19,22,9,49,43,21,31,49,6,34,18,29,15,19,46,29,49,10,37,7,30,40,35,36,29,43,16,39,33,33,21,49,28,18,28,7,27,11,18,41,15,17,18,33,41,7,12,37,49,45,48,38,49,49,40,49,26,35,46,6,18,11,19,39,42,41,32,9,14,46,27,24,25,17,21,8,48,42,5,43,18,26,35,26,12,32,38,42,20,18,12,40,13,44,28,22,9,45,44,8,18,31,29,16,20,48,45,29,12,13,19,34,28,10,32,42,9,6,6,27,15,18,26,42,16,47,7,25,10,20,23,22,27,13,19,14,14,26,18,16,31,6,41,27,48,41,15,24,44,18,49,38,45,32,34,35,28,6,27,47,12,31,46,39,19,14,20,39,34,27,12,38,24,25,18,41,27,22,49,28,37,5,32,16,14,5,50,34,42,46,10,36,48,17,10,30,32,42,26,33
22,48,15,45,11,30,34,40,7,19,7,18,12,33,28,21,47,30,36,36,9,46,36,37,32,38,34,49,42,49,26,38,41,6,6,39,42,30,46,22,24,15,45,19,30,30,45,34,6,21,16,13,35,30,33,17,35,11,49,24,5,42,6,6,11,45,22,46,33,13,17,11,26,29,6,11,43,8,41,17,14,36,11,21,19,38,8,34,14,15,22,10,17,40,22,21,33,29,17,39,47,36,21,48,11,21,18,16,35,21,49,11,37,36,27,37,29,48,26,28,36,22,39,41,39,29,34,37,24,8,10,25,31,39,24,40,18,25,14,12,25,13,22,42,32,34,45,5,47,7,11,14,29,47,41,38,34,44,32,46,17,20,25,46,25,27,24,19,16,30,10,23,39,22,38,40,30,19,12,32,26,24,31,24,35,10,9,39,39,48,16,15,49,41,37,37,44,49,23,50
36,8,24,43,14,32,12,10,24,18,28,21,35,37,37,10,46,17,15,8,41,27,34,49,38,37,24,45,20,11,34,8,39,42,32,16,39,20,46,34,21,37,6,6,13,5,33,48,19,19,22,33,10,15,15,26,26,44,37,39,43,48,31,30,30,34,41,18,42,44,21,38,30,32,42,12,24,23,26,19,47,18,41,25,29,19,38,16,20,30,37,21,30,8,47,14,31,22,34,13,36,7,18,20,19,43,13,15,34,22,20,49,11,34,14,25,31,8,47,25,42,24,35,37,46,14,10,36,24,40,34,48,6,36,29,49,32,29,12,24,11,44,49,39,23,15,19,14,33,24,41,42,44,34,18,13,29,49,38,41,37,37,28,6,25,39,32,40,23,35,30,26,48,19,45,9,47,11,44,31,11,15,42,13,48,47,27,32,39,24,40,42,40,33,8,50,26,40,49,24
42,33,31,35,24,42,20,12,24,26,18,50,48,16,32,7,47,9,41,6,15,10,8,40,46,23,5,27,10,19,11,18,44,48,14,43,47,47,15,10,24,17,17,15,45,36,42,22,44,46,21,11,43,29,6,29,6,40,16,29,32,12,44,8,18,10,27,49,19,6,32,49,6,47,24,22,36,22,20,32,38,18,13,45,40,37,42,28,12,10,12,21,22,22,15,26,31,37,7,18,45,37,6,44,27,20,18,40,15,47,35,33,40,36,30,33,16,24,33,50,36,38,50,19,28,29,40,36,34,24,28,38,9,40,42,34,9,30,41,10,20,6,42,30,35,11,11,15,32,17,30,48,41,36,16,31,21,18,49,39,49,10,41,49,32,24,48,45,36,26,50,31,32,37,31,31,16,38,12,9,32,13,36,42,41,9,8,7,32,36,8,13,23,30,44,35,35,24,27,19
49,32,42,15,27,17,30,45,6,9,9,15,15,29,23,44,41,36,7,18,19,14,26,50,8,17,28,45,27,44,36,26,49,21,49,35,20,40,37,22,41,24,10,44,29,15,20,39,27,7,41,18,36,7,17,36,47,23,34,13,8,46,25,38,12,15,17,9,35,25,14,33,14,45,25,32,19,43,45,16,17,49,49,17,15,17,42,44,21,19,12,26,37,36,19,5,38,49,26,50,24,47,46,37,29,40,10,25,48,14,6,8,5,21,8,31,48,46,45,15,38,43,49,49,19,11,8,6,18,46,7,31,47,21,47,13,26,43,43,35,9,49,22,36,22,10,40,35,14,37,10,22,6,31,24,38,45,20,34,12,47,11,28,13,18,24,46,15,22,48,19,15,46,20,32,37,21,6,20,47,26,35,11,19,9,36,37,30,33,10,29,9,11,9,40,17,33,18,11,32
9,36,28,14,45,27,46,15,13,5,46,17,32,5,39,32,6,16,23,50,23,21,39,21,39,25,32,35,35,13,10,36,40,20,7,33,50,45,31,30,13,34,37,49,37,37,35,19,28,10,41,36,46,22,20,50,25,17,9,14,45,27,34,8,10,37,32,22,19,12,36,47,41,13,28,21,10,33,22,17,7,10,24,21,36,38,10,43,10,21,23,21,5,45,15,9,7,26,8,7,45,15,10,24,48,9,18,49,29,25,27,19,31,34,12,16,40,24,31,5,19,19,22,20,40,31,40,35,33,44,44,45,30,41,6,24,10,9,47,6,31,5,9,20,38,34,37,20,31,22,48,12,6,12,33,48,5,19,16,11,7,20,16,8,11,39,35,27,14,13,25,10,20,44,22,15,43,45,38,33,29,48,45,44,15,6,15,25,11,6,39,35,14,43,26,31,46,16,5,35
40,11,28,38,14,18,50,14,15,29,42,19,36,47,31,41,5,37,30,50,24,27,8,36,21,37,9,38,19,14,37,42,7,36,30,49,36,47,34,38,41,49,47,36,46,15,12,39,30,30,49,24,46,27,27,48,43,47,35,28,20,9,22,30,15,17,37,40,6,22,8,44,18,25,14,25,15,25,33,19,37,40,23,48,17,40,47,41,24,27,35,23,45,22,22,20,26,22,31,38,44,16,42,28,22,15,18,34,8,35,49,20,18,28,19,7,39,19,30,30,22,37,15,37,16,43,23,11,24,36,39,13,24,5,13,10,27,50,42,7,20,15,39,38,12,14,6,11,42,21,16,50,6,19,22,11,9,50,23,9,13,15,26,38,12,14,32,45,43,10,6,6,22,28,20,37,23,49,13,21,36,16,43,47,36,20,22,36,26,28,31,26,37,40,29,24,28,31,33,37
18,24,48,44,12,14,9,30,10,12,26,20,25,14,17,15,48,17,9,25,18,49,19,35,22,14,45,42,37,49,17,14,46,29,26,23,45,33,8,17,18,42,24,17,14,11,36,41,32,23,40,49,39,20,43,22,31,18,39,25,9,47,42,15,46,23,6,49,37,6,40,46,24,34,15,38,19,12,12,20,10,37,18,6,34,34,45,43,13,43,44,26,30,44,48,19,29,14,49,19,13,18,13,7,35,49,42,10,32,41,22,7,42,28,25,15,8,9,50,12,18,45,39,45,10,9,40,24,31,46,22,33,22,44,32,30,27,30,17,26,9,48,48,19,36,26,34,7,36,47,12,6,31,25,39,15,47,39,20,10,25,33,16,48,27,13,44,39,34,20,18,18,31,15,38,11,46,36,45,50,7,15,7,19,6,9,5,36,24,33,13,26,6,13,11,30,48,24,7,21
24,50,47,15,26,23,21,40,35,22,14,21,35,29,31,30,9,44,39,27,41,14,12,8,39,15,46,20,25,44,41,15,50,19,39,5,30,45,48,35,47,6,36,46,16,15,37,16,22,27,42,19,39,17,17,47,44,46,14,21,22,40,6,14,40,7,22,41,42,11,6,13,31,16,13,35,10,10,14,20,47,35,46,40,28,46,37,33,15,37,43,40,7,30,43,48,8,47,41,31,41,12,37,33,39,11,36,30,24,48,8,23,18,11,15,6,19,45,38,7,25,32,44,20,30,45,9,31,43,40,28,21,5,37,29,38,19,46,22,8,23,43,27,33,38,26,32,16,37,31,20,26,26,33,39,26,25,46,43,36,36,42,50,28,37,36,24,24,47,6,17,26,11,22,34,45,17,8,43,30,19,42,18,47,13,19,43,38,31,12,32,28,20,6,45,17,32,45,28,23
45,47,48,16,49,22,35,14,13,40,5,21,25,22,44,29,25,5,9,48,22,8,47,9,43,46,22,38,24,44,9,31,35,50,32,16,21,12,37,23,45,6,46,20,23,12,32,49,36,5,29,44,36,18,36,35,50,39,22,49,15,21,50,21,31,28,9,48,46,9,28,29,28,38,20,11,27,13,28,38,22,49,33,13,11,39,41,6,41,6,16,9,35,46,36,36,42,8,43,48,39,12,20,36,29,31,18,25,46,36,32,6,20,15,28,30,34,34,49,33,28,31,33,33,44,49,40,43,9,45,15,48,15,40,9,34,10,10,15,28,43,20,38,50,38,49,25,13,50,7,9,20,45,9,17,45,42,17,46,24,35,49,32,33,42,6,42,38,8,12,10,6,46,48,49,19,34,33,12,21,24,24,12,21,13,32,9,33,32,26,8,21,20,24,47,23,28,36,25,29
