20,23,14,32,37,21,18,13,39,41,32,32,32,30,38,14,23,45,11,33,35,43,41,23,41,15,25,10,20,33,34,26,24,18,21,43,45,30,33,31,17,49,11,17,36,35,29,45,29,27,29,41,33,48,20,30,26,15,16,46,16,23,15,34,37,27,17,21,24,46,33,19,33,45,48,34,37,23,24,36,36,43,10,26,23,21,29,11,19,13,24,18,46,47,24,29,19,10,24,44,28,16,22,28,50,31,11,15,18,32,21,46,47,26,11,49,17,27,48,23,13,36,31,29,29,48,22,12,38,16,18,29,49,45,34,32,15,38,50,15,41,26,22,32,19,43,26,36,12,21,34,25,31,16,19,41,49,27,49,38,24,50,31,16,13,33,27,42,24,14,26,19,17,44,40,15,28,48,41,34,36,42,33,31,40,42,49,39,21,14,19,39,39,32,46,24,38,35,41,49
37,32,35,34,39,24,17,48,12,45,50,12,14,12,25,28,27,47,20,12,35,48,43,12,45,41,12,44,19,16,10,23,43,21,13,36,26,48,11,14,50,13,45,27,34,19,32,39,48,47,34,40,47,41,32,48,49,36,29,14,11,33,11,22,24,50,25,40,48,43,14,41,43,13,49,45,21,24,14,35,43,30,26,26,43,43,40,12,47,44,38,38,28,40,16,26,37,24,10,41,16,45,33,49,21,43,15,27,10,21,41,33,48,19,29,39,38,16,25,26,29,33,37,47,28,46,31,49,19,40,12,24,40,20,25,43,30,33,11,30,25,23,23,19,12,44,35,42,41,34,25,36,20,21,18,33,29,50,31,19,20,44,26,45,28,13,38,29,25,16,49,40,18,34,16,45,26,25,32,11,36,38,48,42,47,41,13,33,24,10,23,41,19,49,16,10,37,14,46,32
38,46,47,41,39,17,27,12,17,49,23,11,13,38,41,31,13,49,11,32,34,32,26,20,43,12,26,24,38,47,35,32,48,37,40,28,36,33,45,49,34,17,28,43,47,23,30,12,31,15,35,41,40,11,25,41,47,18,44,45,49,17,34,49,23,46,23,30,47,34,46,33,40,47,30,35,50,24,16,29,16,42,46,17,46,33,27,38,37,39,33,37,31,33,47,19,47,36,17,24,31,18,10,33,44,16,35,39,33,44,49,23,12,50,13,25,42,48,25,47,25,33,27,40,33,45,33,43,13,33,27,47,27,34,42,40,13,14,44,37,37,45,46,42,32,13,20,39,34,37,35,45,22,23,35,14,26,29,22,24,39,24,39,17,44,19,21,13,32,20,32,32,18,50,40,17,41,15,23,40,26,33,17,24,22,37,36,41,12,37,41,45,45,13,29,13,27,38,19,30
27,50,46,23,15,38,35,42,48,10,38,39,19,48,42,41,30,40,38,17,29,23,41,19,46,25,43,12,43,35,38,26,20,41,37,43,12,50,21,39,48,35,30,19,18,11,49,26,11,25,22,22,16,19,10,18,31,34,50,34,22,12,16,30,41,19,36,24,36,31,49,20,30,38,47,47,38,20,30,32,36,43,27,48,16,16,45,25,18,46,45,26,14,13,10,13,34,37,47,14,18,30,19,21,47,47,46,20,27,13,40,20,25,25,37,15,28,23,36,48,42,39,19,22,25,33,25,14,11,17,49,50,32,23,15,30,12,49,24,33,19,44,33,34,34,15,18,37,11,19,28,40,25,17,26,17,22,18,44,40,38,40,30,39,23,29,44,41,30,28,43,28,14,15,41,31,12,42,33,36,49,34,48,35,30,20,25,24,31,19,29,40,43,23,35,38,42,15,48,32
15,33,22,41,50,38,48,45,44,35,17,21,19,23,21,48,16,18,44,49,30,46,17,35,15,26,24,49,10,25,31,50,19,34,48,37,50,33,40,37,44,29,18,16,12,16,45,41,31,42,50,27,31,49,41,36,39,24,35,49,21,35,41,46,14,50,41,13,21,11,42,19,25,25,42,28,38,42,37,10,47,38,45,20,49,27,19,48,39,35,21,45,26,29,39,36,13,15,46,17,19,13,43,20,21,29,30,25,43,29,24,28,18,16,19,18,33,19,38,36,40,45,47,47,30,12,43,34,39,43,24,31,29,21,13,31,50,16,17,41,48,41,50,33,11,46,29,29,28,16,44,22,40,17,17,34,14,10,11,34,49,20,17,42,29,20,24,41,38,14,44,41,17,13,39,50,42,33,32,11,49,27,10,25,10,14,49,16,18,16,37,39,22,22,25,44,15,48,40,26
34,13,24,15,38,10,38,16,48,26,47,19,12,33,42,19,16,47,12,13,41,49,28,29,13,37,42,13,38,44,32,19,39,46,41,49,28,13,38,11,49,22,23,15,34,48,27,28,20,17,14,46,15,46,19,13,28,36,13,43,19,24,32,46,40,41,46,46,13,34,47,37,31,35,50,33,12,34,37,22,42,27,47,44,25,38,34,22,22,32,50,10,21,36,46,17,19,16,22,49,18,40,26,42,25,23,16,27,35,22,35,26,33,36,40,50,27,50,40,12,14,13,13,18,10,12,32,21,31,15,36,21,25,20,26,21,37,11,38,21,43,14,40,45,42,17,43,16,40,44,24,19,39,46,30,38,46,27,48,31,22,16,14,26,24,22,13,17,42,26,48,13,30,45,26,32,33,34,15,47,21,19,39,38,45,32,38,36,50,12,50,28,49,28,50,17,48,17,42,46
21,23,34,48,49,11,22,37,13,33,16,43,46,22,29,40,46,32,38,31,27,22,35,23,32,34,37,41,16,38,31,32,35,35,42,41,39,12,46,21,33,10,21,29,17,11,15,34,38,49,17,48,49,47,32,20,27,26,21,43,36,33,46,13,10,22,49,27,17,22,21,37,45,23,17,45,11,37,32,22,38,27,11,46,18,30,27,29,28,27,49,14,20,45,26,46,16,24,49,30,30,15,15,26,50,42,47,10,34,42,36,33,42,31,24,39,31,25,29,37,31,35,13,24,43,44,35,19,48,26,35,13,35,30,35,35,49,33,32,29,25,24,26,37,42,25,19,17,18,32,13,22,16,45,28,29,44,33,21,26,36,48,38,49,35,30,18,45,36,44,14,25,32,21,33,48,13,19,39,29,17,33,22,50,14,36,27,30,39,44,15,22,45,34,26,33,42,18,43,42
22,18,21,39,35,33,46,35,29,14,27,25,14,41,23,24,16,20,48,34,22,24,11,19,21,24,13,44,29,21,30,30,45,46,22,11,18,31,36,20,50,45,15,16,23,47,40,15,41,33,12,37,31,30,27,38,17,38,46,27,43,25,39,25,39,27,36,46,17,11,28,26,32,46,22,38,23,38,45,31,26,16,26,25,17,35,20,32,41,39,19,27,44,13,29,49,27,49,41,22,47,32,24,16,24,37,14,48,38,46,49,20,13,44,17,12,22,14,30,36,41,41,22,44,24,16,18,23,13,11,12,41,47,49,13,18,25,49,14,25,20,27,39,39,22,25,22,42,50,22,26,44,16,18,12,27,11,49,33,12,15,43,35,20,33,29,25,29,46,37,43,43,22,39,42,43,25,37,23,13,24,50,15,35,23,30,17,11,20,13,21,17,10,44,27,26,36,11,13,41
34,36,38,29,30,43,40,28,33,21,46,20,16,46,48,26,43,34,12,30,32,23,10,39,23,25,36,29,11,24,41,29,31,11,23,45,34,48,49,48,24,34,42,19,30,25,19,37,23,15,23,25,19,39,36,49,10,20,31,45,43,24,24,19,39,19,42,38,21,41,37,30,17,40,29,45,48,42,28,42,42,34,28,32,17,24,36,44,26,20,18,43,29,30,17,34,49,37,43,19,17,25,35,23,21,33,26,24,13,32,13,14,47,22,37,13,22,21,22,17,13,28,18,23,37,47,31,43,26,21,27,42,33,28,46,34,34,45,45,22,42,19,39,49,23,15,42,32,14,34,16,23,23,39,14,13,15,37,36,23,29,28,12,32,24,49,16,12,39,43,26,22,20,19,43,27,11,12,39,21,32,44,42,26,44,28,35,16,45,31,32,48,22,23,32,35,13,21,47,28
49,25,46,30,10,45,18,39,10,38,34,41,19,34,46,28,24,31,42,38,33,49,25,46,12,49,26,35,49,25,19,21,32,38,24,12,35,23,16,41,37,23,28,36,45,16,34,44,49,48,11,44,41,14,33,16,34,23,28,39,20,42,47,38,23,32,14,41,22,33,36,24,20,16,35,23,50,31,12,38,44,41,13,25,13,16,20,16,21,47,45,24,18,22,35,50,26,43,33,26,29,32,34,13,22,24,11,39,42,28,41,38,45,25,25,23,46,17,11,38,21,26,44,21,24,40,38,31,15,36,26,34,17,39,38,48,47,41,14,38,13,31,38,43,38,31,50,43,20,48,13,17,19,42,30,43,13,31,12,23,19,31,42,47,39,33,43,15,46,29,26,18,35,13,20,39,40,41,13,13,36,37,19,21,30,43,27,28,12,30,20,26,26,46,10,11,30,37,34,40
46,22,31,10,29,31,49,49,17,48,19,35,32,15,32,30,19,20,39,23,48,46,46,10,42,13,14,16,44,44,12,30,42,44,14,12,44,40,11,30,29,11,20,23,17,36,41,38,28,22,31,39,37,30,33,43,44,18,47,27,16,22,30,19,15,22,47,44,33,29,27,22,32,45,43,23,36,23,43,13,18,18,41,33,15,42,23,19,44,41,40,41,22,15,19,22,35,28,46,11,15,43,17,24,28,24,15,23,48,49,16,10,39,28,30,41,40,35,34,48,42,23,21,37,16,19,44,40,41,11,37,47,48,47,36,35,49,15,37,46,28,21,46,25,37,15,10,33,30,12,38,32,13,28,15,39,25,19,11,46,44,46,12,33,40,34,34,30,36,15,49,40,15,37,29,17,43,29,50,20,49,15,49,34,38,40,46,42,34,14,17,22,43,25,28,39,33,26,20,31
27,30,25,49,17,22,38,47,17,18,15,23,35,44,18,41,22,35,15,28,46,25,11,41,30,46,29,34,15,20,32,48,23,40,22,48,49,17,20,18,44,42,40,44,26,28,39,21,16,32,12,30,36,13,13,14,19,45,49,16,41,27,40,47,39,25,32,24,48,27,48,18,30,36,22,37,26,30,33,46,14,25,48,22,10,21,29,22,30,33,19,16,43,21,24,22,19,45,26,49,44,39,36,30,25,39,50,42,20,16,37,29,28,45,22,34,30,21,17,11,10,12,11,23,24,32,19,40,18,35,34,14,41,21,28,35,11,19,19,21,10,44,44,13,41,10,13,42,20,34,32,46,22,36,30,24,14,28,13,35,50,18,32,45,16,44,24,42,26,40,16,17,39,15,14,17,15,14,12,12,27,16,38,10,40,13,42,32,39,37,29,33,27,17,35,30,35,38,12,31
41,23,30,35,35,47,24,38,30,32,19,42,39,36,48,39,47,34,18,36,28,45,45,25,18,40,25,36,15,29,21,11,17,45,19,46,37,24,19,29,14,36,19,19,19,15,28,26,33,31,19,12,47,13,34,25,22,47,15,45,37,44,45,29,49,30,13,20,25,25,33,49,31,33,23,17,31,20,36,46,32,14,38,47,24,10,33,35,19,21,29,46,41,33,32,29,39,49,30,44,26,15,21,30,38,35,28,11,35,30,21,30,16,47,15,13,21,33,47,37,25,18,30,12,33,38,47,12,20,29,28,28,22,17,16,15,41,19,34,30,13,45,50,31,24,41,48,30,28,38,30,26,24,50,36,48,47,23,33,36,20,37,15,34,19,29,39,24,30,21,38,34,16,36,38,50,40,45,29,40,13,15,18,35,25,26,41,24,20,22,23,32,40,26,48,27,34,29,47,29
37,42,36,25,50,42,21,49,22,15,26,41,34,13,16,48,15,28,42,24,16,39,30,36,13,45,23,49,30,21,23,49,10,24,27,21,39,49,20,36,44,48,46,26,30,11,21,45,46,47,44,13,39,27,46,28,15,22,26,47,39,12,28,36,22,35,23,31,49,33,46,50,25,38,50,19,44,15,18,17,21,12,40,45,18,43,25,41,31,19,16,38,22,18,27,44,11,42,48,37,30,49,38,40,34,20,38,32,12,32,24,42,39,25,34,44,41,12,18,22,40,47,13,47,50,13,23,44,34,15,22,20,22,39,19,43,20,36,22,30,42,21,11,44,38,12,30,43,31,31,40,49,32,14,46,33,15,25,26,34,11,29,32,30,17,26,17,47,37,17,33,40,16,15,11,12,41,36,24,47,48,47,30,42,31,22,39,10,26,23,23,26,22,16,34,20,39,29,20,50
25,16,29,26,30,26,11,14,13,19,20,40,16,26,44,46,47,20,47,42,39,24,20,33,45,19,13,33,24,35,19,28,27,50,48,45,44,28,45,33,33,29,33,18,41,46,13,44,32,17,34,18,20,47,37,22,35,26,34,34,49,45,24,19,43,11,11,17,31,28,49,37,43,11,21,30,13,21,37,39,17,20,16,18,24,18,41,18,15,38,44,27,33,43,19,30,35,35,33,20,35,18,22,24,39,10,27,46,35,31,21,49,25,49,16,26,18,48,26,18,36,33,14,19,32,10,45,37,50,20,37,23,18,39,32,13,44,17,27,26,34,20,12,20,12,46,22,38,37,43,12,43,27,32,50,46,23,19,43,28,39,23,12,49,21,34,46,17,29,24,29,41,42,48,31,39,33,41,30,32,39,17,16,13,12,22,23,25,47,27,19,25,33,32,41,49,27,47,24,12
34,48,15,48,11,38,12,16,45,36,48,46,16,44,49,42,19,45,42,26,25,13,27,46,18,48,28,38,19,34,19,24,33,28,19,25,50,41,48,30,11,41,34,12,41,22,36,18,19,21,29,11,44,25,23,49,43,36,32,22,24,40,13,14,45,38,38,11,21,41,37,43,12,26,12,31,17,27,22,47,12,39,46,48,19,49,29,40,16,27,13,28,37,44,45,13,44,11,45,12,36,23,48,40,45,43,50,24,23,40,30,50,17,33,35,32,37,43,42,46,19,45,42,28,45,45,49,30,31,43,48,25,17,15,21,42,22,16,26,26,24,31,18,21,43,27,24,24,30,28,31,42,30,13,36,17,17,13,24,49,22,42,40,19,50,21,20,10,12,44,13,26,18,38,48,40,14,35,23,35,48,45,30,25,29,16,42,18,49,43,46,30,40,46,48,15,21,24,33,11
28,42,36,22,41,28,39,22,33,22,40,39,30,30,14,20,33,40,12,46,49,27,25,30,34,48,37,20,33,14,44,42,21,40,21,23,46,42,28,49,13,13,44,35,41,33,18,22,32,30,47,25,31,47,28,10,37,20,34,18,24,13,32,17,43,46,28,32,20,29,34,32,17,15,30,33,14,14,17,15,33,49,22,17,17,27,17,30,26,40,26,11,26,16,43,48,27,26,47,31,44,44,41,28,33,27,47,37,49,27,43,42,23,44,49,50,25,45,25,34,39,17,40,25,21,18,18,25,34,40,38,49,22,49,13,10,13,32,13,12,38,15,34,47,26,36,16,42,42,40,15,20,10,13,50,20,20,21,24,20,48,19,24,24,25,15,13,35,39,31,17,28,34,40,31,43,23,11,41,42,46,30,31,14,26,13,22,22,12,34,40,10,28,11,13,29,38,32,41,35
37,32,24,21,45,29,25,33,42,23,42,28,42,16,11,45,36,22,23,28,20,28,25,40,11,32,48,24,44,20,50,46,40,29,14,15,23,27,41,18,43,42,34,37,10,20,34,43,50,13,19,18,32,36,29,36,49,48,34,38,11,18,27,16,14,14,13,49,16,46,37,16,49,38,40,40,50,19,42,25,32,40,11,45,37,23,39,28,29,41,26,17,31,13,25,39,47,36,14,13,46,48,28,45,12,47,50,41,43,44,47,44,26,24,45,41,11,47,49,22,38,35,34,48,21,26,47,24,37,31,36,33,34,28,36,24,25,34,42,24,46,48,42,32,23,47,44,11,37,29,38,30,24,23,28,23,19,34,36,19,10,30,45,26,18,16,13,41,39,24,10,13,31,15,50,42,33,49,38,37,25,24,41,25,29,15,45,28,18,12,28,50,19,37,29,47,42,37,33,26
42,49,36,34,28,31,42,27,35,41,30,21,50,33,21,49,13,13,16,48,22,33,31,26,25,23,34,21,28,15,39,11,34,18,25,49,24,16,42,47,12,48,20,48,32,23,10,41,33,11,11,29,41,22,16,20,16,47,11,14,14,42,39,16,28,15,27,10,27,36,19,24,25,11,26,36,42,36,39,44,31,21,38,25,28,48,30,41,42,18,29,47,28,27,32,25,41,29,18,26,43,41,47,46,31,30,38,18,21,20,38,17,43,23,42,16,48,48,22,11,17,16,38,23,11,32,14,31,44,32,33,29,17,12,20,16,15,39,45,11,50,44,20,36,35,22,18,18,30,37,50,29,14,23,15,30,15,44,18,41,27,17,35,22,37,44,39,35,20,28,24,24,30,11,40,48,43,36,49,42,43,47,35,16,33,45,32,30,36,29,15,46,44,12,26,50,44,47,48,20
33,26,21,23,42,47,15,40,38,48,19,18,47,47,38,39,15,49,31,45,35,33,37,35,32,39,24,47,49,22,30,32,22,28,16,19,29,44,15,29,14,48,32,24,25,25,34,13,14,12,33,37,36,15,44,34,16,37,33,50,30,44,24,13,45,17,24,26,12,13,21,13,32,12,15,12,12,28,17,38,41,19,38,16,23,45,37,35,35,21,16,34,30,11,23,42,19,19,42,36,16,38,31,30,44,24,19,46,46,47,25,40,40,17,17,39,13,26,23,34,12,30,42,18,39,29,26,19,50,46,17,22,20,23,32,48,44,46,36,13,39,29,28,22,39,23,48,30,20,42,32,27,28,15,47,25,32,19,47,13,37,29,47,31,30,14,11,44,41,25,13,31,47,42,16,18,40,31,21,42,38,22,47,42,17,18,41,13,42,18,31,34,32,39,36,10,15,33,32,31
28,26,22,24,38,13,10,39,40,23,48,47,20,14,32,40,47,21,26,36,45,39,42,34,37,16,12,30,16,43,38,21,47,42,13,17,15,13,33,30,14,15,19,18,40,34,48,36,40,40,28,34,14,32,14,20,34,17,49,30,38,22,11,48,44,38,24,19,36,50,31,26,16,49,31,32,15,22,39,32,44,13,26,19,34,45,34,28,25,23,23,38,26,14,12,24,28,18,23,43,22,30,15,38,31,39,48,46,40,25,12,39,25,48,49,40,48,20,36,18,10,16,35,18,29,33,19,29,49,29,19,23,12,42,34,21,40,37,25,16,11,33,49,43,48,11,43,42,23,25,24,34,19,26,24,42,41,32,32,21,34,48,42,20,16,40,20,16,12,29,14,37,38,39,45,37,36,12,21,28,23,45,15,49,12,46,48,33,49,47,11,16,30,33,41,43,11,38,26,43
25,27,31,31,46,44,48,42,22,17,39,39,14,17,34,33,49,13,17,15,13,38,37,15,22,45,47,34,37,34,13,22,29,28,30,43,17,31,40,11,33,16,50,41,11,33,11,17,42,16,28,49,15,12,38,24,33,11,49,41,43,31,40,48,41,48,48,37,47,27,16,24,45,23,24,29,15,39,19,35,19,24,48,10,32,44,32,14,31,43,32,13,20,17,36,32,30,15,33,41,35,25,40,27,38,45,25,20,23,46,25,48,24,39,43,11,42,47,17,30,25,21,28,27,12,31,45,25,32,35,23,13,12,13,31,45,24,33,49,31,42,17,11,11,22,25,24,41,30,32,25,27,36,40,45,30,11,45,31,30,17,36,45,42,32,47,32,28,14,22,37,32,42,15,17,26,45,35,27,18,17,44,32,43,19,13,18,38,42,19,45,38,15,14,35,46,34,27,11,34
34,27,44,43,36,42,49,26,32,23,22,29,17,20,24,39,45,40,17,31,41,46,48,48,49,47,42,15,20,19,16,28,18,27,18,37,15,41,11,17,37,13,32,49,29,37,27,15,12,26,44,38,43,41,44,18,28,21,25,39,49,35,47,45,48,23,17,44,42,32,39,50,20,30,34,34,26,30,41,32,50,49,27,11,38,31,43,15,48,12,43,44,23,17,45,45,44,42,40,23,32,29,17,29,13,34,40,38,43,44,49,18,18,26,15,43,16,24,19,20,39,33,42,34,19,12,50,48,37,47,18,32,12,21,27,47,38,16,43,34,46,29,20,32,13,44,15,20,12,11,38,12,41,31,17,31,13,41,18,37,41,28,28,28,34,35,47,16,44,28,36,33,20,19,42,12,14,48,15,36,43,34,11,26,47,29,35,15,11,25,43,18,23,45,11,25,49,20,38,11
45,41,23,43,25,42,33,24,11,26,34,13,39,18,25,38,14,47,46,37,21,43,38,30,36,43,28,48,14,34,28,19,39,47,45,16,17,48,12,44,35,38,44,22,11,11,36,11,40,34,19,43,45,19,49,17,23,12,34,44,26,42,44,35,13,28,18,33,14,37,19,40,40,27,49,13,39,26,19,38,19,14,32,47,47,22,30,28,42,36,12,46,36,21,35,17,48,19,23,37,21,17,25,27,19,12,13,30,13,12,32,10,48,25,47,15,19,20,36,32,35,17,22,23,19,37,45,42,31,38,18,11,19,49,42,18,46,15,33,40,21,14,11,23,21,16,25,20,49,19,42,27,11,48,49,38,49,45,28,26,33,46,44,44,21,38,17,32,25,18,27,22,15,14,28,30,23,14,26,44,35,22,46,47,48,22,37,16,42,19,29,20,38,36,16,49,49,41,21,13
27,44,18,15,36,25,12,38,15,22,34,34,31,49,20,16,44,31,16,25,30,19,42,13,47,10,10,48,12,17,11,22,25,37,12,12,26,40,43,15,17,28,28,46,22,10,37,33,33,21,39,38,40,47,23,41,21,18,19,19,34,35,27,22,23,15,43,18,45,46,42,34,40,27,30,29,41,49,21,49,47,49,33,34,13,26,32,46,30,49,30,17,42,42,30,24,17,29,25,49,42,43,23,19,18,16,42,18,34,15,13,33,12,49,30,36,14,32,41,15,13,11,41,19,50,45,39,38,32,39,43,24,16,38,35,22,13,39,18,12,10,47,20,34,43,27,49,30,20,38,27,15,45,17,48,48,19,12,15,35,16,17,32,45,30,15,45,25,22,25,46,40,26,39,41,15,46,28,28,49,37,20,22,15,28,29,39,24,32,49,27,48,24,46,31,44,27,38,32,48
15,16,13,42,21,48,23,26,36,28,12,18,45,26,35,49,30,36,20,16,16,34,36,19,24,24,23,50,15,17,37,49,36,39,39,47,13,29,48,24,23,30,21,32,43,19,20,38,24,40,37,39,16,11,41,28,39,23,38,21,36,42,43,49,36,29,38,11,42,26,38,26,49,28,26,49,13,29,49,17,24,18,38,20,22,15,21,32,46,21,13,36,25,36,40,38,36,39,40,11,44,26,29,40,24,29,33,26,35,37,40,12,25,22,12,48,18,10,21,23,33,28,22,50,27,17,16,21,20,37,10,34,16,45,15,48,45,23,12,23,23,44,17,15,15,30,20,48,39,17,11,14,38,46,43,23,26,16,37,14,11,23,31,29,37,29,50,14,48,29,44,40,27,21,39,35,11,46,43,39,44,38,14,17,11,29,36,29,45,37,21,22,42,35,17,32,18,49,42,23
10,35,36,28,36,22,14,39,46,33,19,34,28,49,27,14,45,12,12,17,12,27,31,17,16,40,12,10,41,27,29,33,14,34,22,21,24,22,26,45,43,45,16,41,23,32,49,18,38,41,28,37,34,16,50,17,20,11,30,30,49,28,38,13,17,21,44,30,41,43,39,22,24,30,48,21,20,27,22,30,39,18,48,49,24,17,35,34,39,43,21,13,45,25,20,40,44,46,11,28,33,35,45,40,15,44,19,38,16,28,13,38,17,32,38,44,11,37,33,29,37,40,40,39,42,13,18,44,35,15,46,23,37,49,37,14,20,20,29,43,30,43,47,24,49,17,19,44,35,43,39,11,39,40,22,35,18,33,17,36,13,31,41,49,24,38,11,11,10,14,36,48,43,38,34,34,48,21,32,50,33,44,37,17,44,32,26,49,48,49,22,24,46,10,36,44,39,32,37,25
32,34,35,29,27,33,16,38,33,33,19,12,11,35,26,31,36,27,11,19,21,35,45,47,39,32,43,24,12,11,15,48,30,22,31,19,11,21,49,18,41,23,47,14,24,12,28,47,33,18,23,40,32,14,26,35,36,45,47,39,21,50,15,28,29,45,22,35,16,19,23,18,39,17,41,32,19,38,38,35,21,45,20,10,21,19,31,24,29,50,30,30,17,49,46,37,22,37,27,31,41,19,47,25,29,39,34,13,45,23,34,50,10,19,48,32,43,11,29,45,27,41,40,24,15,20,49,37,28,44,40,46,36,38,28,44,47,30,48,27,14,32,29,49,33,30,33,17,45,34,34,28,19,28,41,18,30,22,28,42,31,16,43,21,15,25,33,42,45,31,41,24,10,43,33,30,32,50,23,24,48,40,45,31,41,36,44,38,49,45,24,39,22,21,50,27,43,25,45,22
42,11,49,17,36,24,23,26,11,26,26,43,43,24,41,44,47,35,37,11,31,13,38,38,15,11,49,47,38,22,40,34,11,35,36,31,45,42,38,47,30,37,30,17,13,48,33,50,16,11,11,43,36,13,39,36,27,32,13,42,42,35,41,23,44,36,23,45,47,28,15,31,11,20,34,11,26,32,18,39,27,14,25,41,20,45,42,19,15,26,30,46,26,32,47,37,30,12,40,31,24,35,28,18,11,22,21,33,12,13,16,20,21,50,14,33,18,18,21,47,25,39,10,42,34,18,49,18,32,28,46,46,24,32,15,47,35,35,22,24,43,19,22,35,29,43,27,46,43,49,36,26,47,14,38,14,27,47,23,18,13,40,23,40,17,21,33,18,50,34,34,23,25,34,30,25,21,44,28,13,31,43,33,18,29,48,44,20,29,13,48,23,37,30,14,48,41,36,29,46
22,26,38,23,38,39,21,11,45,20,49,34,49,38,13,33,34,27,31,37,29,28,40,20,40,27,30,18,34,22,13,15,12,25,13,20,20,17,46,22,49,26,17,31,29,13,15,34,33,48,12,34,16,31,21,28,47,17,25,13,23,44,16,50,42,35,43,23,50,46,25,41,22,11,49,17,19,42,48,48,39,37,33,36,32,18,40,39,47,28,28,36,20,28,26,39,16,19,33,41,30,38,31,23,23,47,17,19,20,12,28,24,40,24,26,10,16,21,11,26,39,14,41,27,49,16,38,26,18,24,50,46,38,18,35,50,37,23,30,17,17,19,24,48,36,29,13,49,23,21,27,34,48,44,37,29,36,35,13,35,27,20,42,20,21,18,39,39,29,41,22,21,40,36,13,43,41,32,28,37,44,28,40,43,22,42,13,10,41,26,30,34,37,13,22,46,19,47,25,13
11,43,26,27,16,11,27,11,44,48,35,13,49,49,31,17,22,23,14,13,22,26,39,33,49,22,32,26,47,48,45,15,17,27,21,12,17,42,13,39,33,35,36,46,23,40,12,40,20,39,26,31,39,31,39,27,33,22,40,34,18,10,12,11,43,45,12,18,21,11,42,39,44,29,32,37,20,10,36,46,27,43,14,44,37,26,34,41,35,27,28,17,17,37,35,44,35,19,46,42,41,46,34,45,26,38,28,23,36,20,42,44,27,23,36,22,39,49,10,42,30,15,41,35,37,48,29,15,23,27,31,11,11,27,19,19,29,17,23,30,18,36,38,38,27,49,26,44,49,46,11,19,30,33,28,49,11,30,43,47,30,21,39,12,49,33,13,50,45,49,20,37,41,31,28,18,40,31,48,19,47,45,16,11,44,19,36,22,22,17,41,46,31,20,27,32,50,33,18,28
16,20,15,27,24,12,27,41,28,17,49,10,40,31,28,40,33,40,42,19,29,27,24,23,21,12,24,29,12,43,31,32,30,11,33,40,11,14,40,46,13,42,19,33,41,29,43,50,18,16,44,18,36,23,20,48,11,48,37,10,12,23,46,19,20,16,17,26,45,33,13,23,37,32,35,45,33,49,16,28,39,29,28,20,49,29,22,11,24,32,28,15,31,21,16,21,34,21,43,12,27,19,35,47,41,25,44,26,49,10,23,36,17,15,10,50,22,45,25,43,27,22,16,37,44,26,36,16,44,16,39,19,12,14,18,18,36,18,36,36,36,22,31,16,19,16,24,34,42,31,11,27,26,21,24,46,15,36,16,23,39,27,21,36,17,43,31,30,29,31,48,18,17,48,19,29,25,35,28,11,19,38,30,32,27,41,22,12,28,34,44,48,19,44,29,29,28,21,43,28
43,42,40,21,34,42,45,43,44,47,44,20,43,40,13,32,10,39,32,10,20,41,11,45,21,30,45,13,28,27,40,19,13,46,27,29,30,26,36,11,24,24,48,31,20,15,15,26,29,18,14,18,41,31,36,12,45,30,19,40,21,31,49,12,35,17,36,48,38,17,16,31,11,32,44,29,25,14,41,41,24,40,22,34,34,21,36,49,29,33,39,48,16,19,23,49,32,20,19,19,33,33,13,26,47,18,13,23,27,45,25,37,38,13,25,40,35,16,14,49,43,36,20,26,12,18,32,32,29,29,37,37,40,41,25,37,28,47,44,14,21,16,25,22,29,30,32,43,34,31,50,17,30,18,39,21,19,29,14,45,47,46,25,39,47,27,35,37,49,35,36,18,27,19,20,21,23,10,35,33,45,50,27,18,33,49,16,48,28,47,45,49,29,40,47,13,22,17,13,45
13,27,39,20,35,38,41,31,21,39,45,47,16,33,19,24,40,27,38,40,41,12,19,41,45,17,29,31,38,27,24,19,36,36,38,40,39,45,22,19,41,49,12,42,20,14,23,20,28,24,44,42,47,15,27,27,30,49,18,16,42,27,33,26,21,31,32,40,24,18,25,46,16,14,42,28,48,30,27,23,21,12,36,48,48,23,34,34,22,37,28,37,31,48,19,28,37,44,12,27,29,43,16,29,42,13,44,31,30,38,40,32,20,19,48,21,34,39,13,23,34,22,47,38,40,48,41,37,16,26,38,28,37,32,37,47,17,45,34,36,13,21,41,31,25,33,49,14,36,13,38,18,37,43,24,42,22,37,30,38,34,44,47,19,31,36,24,24,49,29,28,13,44,19,39,43,36,15,40,35,35,27,21,42,34,26,31,50,48,14,19,20,12,48,41,14,32,47,17,26
47,41,49,10,37,11,23,50,13,42,42,22,26,29,37,27,23,20,42,42,20,17,39,45,44,14,17,37,25,23,23,47,29,25,15,44,40,27,34,28,22,34,22,41,19,45,16,14,29,17,22,12,25,45,13,40,47,14,26,25,26,41,40,15,35,46,44,36,11,30,35,23,32,28,23,30,27,14,28,16,40,49,50,43,47,33,36,47,30,23,48,27,28,47,38,37,24,45,16,47,33,29,18,36,25,39,10,46,29,46,22,39,29,49,23,19,30,11,33,39,37,35,43,25,18,28,14,50,36,40,21,10,31,45,25,15,21,49,47,36,25,36,45,29,27,50,24,33,26,24,36,25,50,47,46,36,42,34,26,16,11,48,45,38,40,44,13,20,24,13,29,17,34,22,28,43,17,28,18,25,44,24,24,40,22,24,23,50,40,34,10,13,10,12,44,33,30,42,18,42
20,35,43,22,26,37,21,34,10,49,35,33,26,25,45,19,21,21,25,42,35,22,32,26,17,15,31,25,28,22,36,12,43,49,49,38,43,13,39,43,27,18,22,42,31,27,48,20,10,14,39,47,35,42,48,16,25,20,41,21,48,20,49,46,40,39,22,31,16,22,27,29,45,48,27,19,30,49,49,26,50,40,12,13,38,28,44,17,44,50,20,22,44,34,47,12,30,11,12,11,39,40,32,34,11,29,34,19,17,11,22,24,11,48,41,19,47,21,24,35,33,33,34,46,43,16,41,50,22,37,43,21,47,45,48,50,20,26,11,29,44,31,29,26,33,30,24,24,22,23,28,30,15,32,26,29,34,23,20,26,36,38,35,48,19,20,39,14,42,22,40,27,41,13,28,25,23,12,13,36,11,24,31,49,24,14,10,27,17,33,32,29,18,33,25,45,34,50,47,42
32,12,40,34,41,47,17,25,27,37,22,34,41,49,22,27,34,27,11,28,15,27,31,32,23,14,28,16,34,46,38,35,45,30,45,41,12,25,31,19,22,23,30,48,34,21,30,23,48,46,15,13,14,31,36,34,45,40,18,38,49,47,16,40,25,14,26,17,47,29,12,49,37,19,31,46,12,17,33,33,32,12,48,32,40,25,37,46,49,39,39,26,36,35,47,38,18,13,12,41,15,26,38,26,15,33,10,41,38,29,38,34,44,41,13,24,13,18,44,18,23,27,31,43,14,43,35,45,39,18,20,22,29,25,33,41,50,34,38,14,15,15,34,33,14,30,22,18,39,10,45,45,41,25,16,36,11,14,22,26,22,23,15,32,47,15,13,50,21,15,13,11,11,40,19,48,32,28,42,44,28,47,50,38,25,11,14,22,43,26,19,12,21,46,30,39,39,15,25,39
18,19,43,50,36,16,36,13,43,43,38,31,37,34,28,14,27,36,48,10,48,19,19,33,30,15,11,30,10,42,41,14,39,13,14,46,12,46,31,47,18,39,18,12,41,28,46,31,29,49,37,22,29,32,48,43,14,35,41,26,24,12,25,25,22,26,13,16,42,16,23,23,35,23,49,33,39,14,15,49,38,20,23,46,25,45,45,22,16,36,44,48,12,38,17,17,16,47,50,32,47,33,45,16,45,25,30,44,27,50,37,21,36,49,49,40,18,45,35,40,27,14,31,45,13,45,18,24,14,28,17,22,18,36,48,33,41,15,45,22,29,29,17,13,38,33,44,13,15,27,11,49,49,27,26,39,40,40,43,39,33,47,45,35,39,47,24,35,21,35,10,18,48,13,14,40,32,14,20,19,21,22,47,47,24,15,28,36,17,20,29,35,32,22,18,47,38,26,25,34
33,14,33,48,34,24,46,43,25,32,26,46,10,16,38,40,48,22,16,34,45,45,28,28,12,13,23,17,38,47,37,40,14,46,28,22,35,45,46,36,13,18,33,31,18,49,13,39,23,20,35,12,25,39,16,21,38,39,23,45,38,37,32,18,20,19,13,27,32,23,35,13,42,46,20,39,16,35,15,40,35,35,34,15,18,39,25,41,20,15,11,15,46,30,25,27,29,35,47,40,38,14,34,36,33,17,34,34,24,18,25,46,14,21,47,44,36,22,15,41,22,16,16,42,50,25,14,14,39,35,45,13,16,48,31,39,29,15,29,12,14,14,18,30,29,38,46,35,48,36,26,39,27,16,49,27,31,23,22,10,43,26,41,43,45,21,34,14,19,21,11,48,12,27,36,47,39,34,37,40,24,23,30,15,29,23,14,19,11,24,16,26,30,17,45,35,21,39,16,13
20,36,36,44,50,26,46,15,30,26,25,36,39,32,27,25,33,21,36,34,35,16,18,42,39,40,27,41,14,19,31,20,12,50,32,13,48,23,33,39,12,28,26,36,12,43,10,17,36,28,46,31,22,22,28,12,48,28,27,40,22,29,26,36,20,41,23,42,47,46,33,37,36,38,44,48,34,36,47,42,31,24,39,33,10,30,12,24,39,46,25,20,22,50,40,18,21,29,49,25,23,10,10,34,50,33,17,10,12,21,34,42,15,19,16,30,34,21,41,13,15,40,14,44,48,30,22,28,44,25,14,38,45,13,47,13,13,27,24,17,11,45,11,11,22,31,19,23,44,20,19,25,38,20,11,10,48,47,46,22,37,11,38,42,22,40,48,14,41,28,11,24,49,32,49,37,39,26,30,31,28,20,34,40,38,45,26,47,45,47,50,26,16,27,35,23,43,43,39,41
19,18,50,22,34,34,15,23,30,33,19,17,13,42,17,49,15,28,37,43,12,43,31,45,27,21,33,32,31,24,32,41,17,38,49,24,36,37,28,37,43,37,48,22,39,33,11,11,36,37,48,38,16,48,18,18,13,45,20,34,36,21,26,25,18,43,39,24,17,45,42,21,46,22,12,39,12,23,38,12,39,42,24,37,17,32,48,29,18,12,40,20,34,48,32,15,38,30,31,24,22,26,27,25,43,14,30,32,25,25,19,33,33,35,15,34,47,49,46,32,45,34,46,41,25,31,25,13,49,26,43,40,18,50,39,22,46,30,25,22,10,49,40,21,23,28,18,26,30,14,42,13,24,19,37,17,16,25,34,46,30,49,18,15,20,15,12,20,45,29,23,44,44,36,35,11,12,35,15,32,28,48,24,33,40,19,45,13,33,28,33,15,12,12,32,47,14,19,47,48
41,23,30,36,38,41,27,26,11,39,48,16,15,48,38,35,46,27,38,47,28,32,11,46,40,40,23,45,49,21,19,25,25,42,27,47,13,36,23,38,41,15,18,23,20,38,39,23,42,40,46,27,21,10,23,34,20,21,13,41,26,18,21,38,35,48,32,45,26,11,38,42,23,20,34,15,41,49,19,12,28,37,24,40,18,31,13,39,34,18,41,46,40,41,25,26,11,28,37,21,17,27,45,46,16,11,33,35,27,43,21,49,15,33,15,32,41,14,24,27,20,29,20,49,44,30,35,37,21,24,21,26,22,11,14,32,16,11,20,49,40,13,14,21,12,32,14,43,44,29,16,36,38,38,44,35,30,46,16,34,40,17,27,32,30,25,14,28,37,37,19,16,17,27,48,24,30,48,44,41,31,22,46,15,25,50,44,36,46,23,32,27,21,41,18,19,36,16,23,24
45,36,16,21,15,16,15,38,31,31,35,25,25,30,32,16,50,39,42,47,27,33,28,12,35,36,37,50,32,28,29,35,13,14,27,42,23,48,36,36,45,21,41,21,37,28,28,28,13,12,26,39,26,26,31,35,18,23,46,22,21,35,35,31,36,48,28,33,13,10,20,24,37,24,41,34,29,43,37,23,24,31,23,20,21,11,40,47,48,23,22,39,16,25,11,14,30,31,16,27,28,15,41,44,41,36,36,42,20,36,13,25,48,25,17,26,15,21,15,12,25,17,45,12,19,33,18,25,46,23,20,45,28,41,25,15,46,49,12,27,14,46,34,35,29,19,34,39,23,13,40,35,10,23,15,12,25,36,13,46,10,18,12,47,43,38,14,13,15,35,12,42,27,30,15,40,10,33,20,33,26,47,28,43,48,25,45,47,41,47,24,28,40,15,35,41,11,33,11,45
43,27,29,48,17,40,25,30,13,14,24,43,22,30,37,11,24,30,36,48,28,12,43,46,35,34,40,26,16,20,33,46,20,26,42,37,35,16,25,33,49,45,49,41,30,48,20,11,31,48,21,42,11,17,22,34,35,33,14,30,25,22,46,41,17,48,19,28,13,41,19,44,35,22,22,18,42,20,39,24,39,23,47,31,14,36,13,23,49,48,48,18,37,31,47,45,27,37,35,11,18,46,17,12,11,46,14,40,21,35,47,14,46,21,39,47,14,25,19,19,22,36,28,34,26,50,14,20,11,49,36,48,48,25,23,46,24,15,27,17,39,39,47,34,28,49,23,46,15,26,33,45,41,46,32,49,30,10,17,15,33,27,14,49,17,20,23,19,11,11,23,23,23,22,27,47,32,36,23,34,40,39,39,21,19,37,19,46,42,16,26,44,26,39,33,37,20,42,23,48
26,34,32,27,14,42,13,14,42,19,44,48,18,41,24,29,32,39,14,48,26,21,37,28,43,40,30,37,27,40,31,37,19,18,32,20,11,44,46,49,24,27,10,26,11,47,48,46,16,42,28,48,35,16,46,36,18,48,35,45,27,28,40,19,20,33,11,12,22,47,22,34,19,28,24,38,32,22,11,13,45,29,36,38,41,24,43,35,43,22,40,27,11,23,28,12,26,43,23,20,50,38,10,27,22,36,12,23,19,40,24,38,45,26,48,27,20,16,30,38,37,49,25,14,37,15,30,48,27,12,49,47,36,48,43,40,26,45,32,11,28,11,11,15,49,46,35,22,14,16,13,23,46,29,31,21,46,16,32,23,46,11,32,38,23,33,23,20,22,25,35,29,17,33,49,44,24,12,16,32,24,28,36,10,36,28,22,19,34,25,38,21,46,39,37,27,30,19,34,33
48,32,38,37,28,30,20,39,25,21,18,13,32,17,20,14,47,20,42,48,12,45,40,33,41,40,44,15,35,48,13,11,15,39,27,14,31,35,35,40,19,12,11,36,23,20,41,23,32,19,35,17,12,44,16,21,33,41,38,19,27,45,23,32,45,27,18,32,24,17,40,24,14,13,39,14,35,16,13,41,26,49,46,34,42,37,22,26,36,31,23,45,42,49,45,37,11,12,38,17,29,18,33,20,23,39,12,36,37,22,11,21,42,25,43,21,18,46,48,22,42,28,28,27,30,31,47,27,30,14,41,28,11,16,14,45,38,33,39,39,20,36,42,46,31,24,45,28,31,41,44,15,31,50,42,48,43,34,17,18,48,31,41,22,13,32,30,36,13,28,16,27,44,25,22,43,26,40,12,32,13,18,32,42,15,45,34,27,29,41,30,28,19,11,19,19,11,40,47,32
36,31,17,24,25,38,34,43,24,34,46,24,38,12,30,40,28,38,44,39,25,47,29,34,29,10,12,48,43,26,22,24,47,46,49,14,50,30,25,34,15,33,36,33,44,41,33,13,13,42,28,11,17,41,37,12,12,32,10,17,24,40,37,11,43,26,35,31,15,24,33,22,25,45,24,24,38,41,18,35,26,14,19,18,27,44,40,31,28,40,42,38,35,34,16,38,38,18,48,28,13,30,18,45,34,49,27,33,33,20,21,16,21,35,16,21,42,28,45,34,38,38,10,12,34,20,48,35,32,42,36,38,41,17,41,36,26,39,27,21,28,36,23,45,45,48,25,44,42,29,34,19,12,32,13,43,26,11,40,43,27,48,40,42,21,23,13,47,39,41,38,12,49,38,49,19,10,50,47,39,36,28,12,30,39,37,16,12,19,20,15,29,48,29,46,31,13,27,41,22
34,39,11,20,42,43,28,44,23,43,30,17,22,16,38,43,23,48,27,11,37,31,11,17,38,47,35,47,41,21,21,45,39,28,23,43,35,15,11,43,26,44,38,39,20,27,36,43,32,17,12,40,46,38,45,40,13,18,21,31,47,23,40,19,16,38,11,33,11,21,32,37,34,22,29,45,30,49,37,34,31,20,44,47,37,48,47,12,27,31,42,42,16,47,45,28,29,24,17,45,45,21,41,44,19,10,34,18,22,44,33,32,32,17,12,15,26,23,20,31,25,36,40,33,37,12,44,42,21,48,20,31,29,25,43,27,38,27,22,21,37,38,12,11,40,18,46,26,28,23,12,26,12,31,21,17,48,37,23,11,45,19,16,18,24,11,18,26,44,35,46,43,38,43,49,29,44,33,34,37,47,18,22,18,23,16,31,30,40,24,49,12,40,47,10,44,26,43,10,28
48,20,46,25,21,32,22,38,29,29,39,12,41,49,32,20,17,20,14,47,19,37,49,44,10,22,16,17,13,20,45,23,14,36,25,19,49,44,16,43,39,44,46,37,17,18,36,36,14,43,32,15,20,22,47,35,17,36,37,32,21,29,38,32,25,48,47,47,18,49,44,23,32,31,44,27,39,41,24,43,30,19,22,21,29,35,37,17,24,26,28,42,16,31,41,28,20,21,31,10,18,36,26,13,10,22,40,33,38,19,29,30,44,32,21,32,26,33,38,22,25,11,27,11,38,42,29,34,25,23,16,15,12,46,44,29,49,43,14,18,21,27,46,41,16,28,49,43,29,19,11,21,23,22,37,16,20,18,33,32,43,19,18,31,28,50,28,30,42,46,48,18,24,26,36,13,21,21,26,45,40,12,11,12,45,29,48,11,39,17,29,48,26,25,46,49,49,47,22,19
18,29,19,48,21,41,41,11,16,39,17,20,47,41,41,31,31,17,20,36,35,11,39,47,17,24,35,30,12,32,37,22,31,38,31,38,33,18,48,13,21,18,46,20,30,48,44,25,15,11,13,34,34,22,48,15,43,10,26,17,48,44,12,16,22,25,41,26,15,34,45,32,12,35,22,19,30,15,32,20,18,33,27,38,19,50,48,37,39,42,35,49,27,44,26,25,40,36,47,48,27,32,14,21,22,18,39,19,43,26,33,41,44,27,18,16,14,40,20,33,11,25,20,26,48,36,46,15,23,42,27,35,19,38,11,18,39,20,24,44,42,15,35,11,22,32,22,15,31,16,28,37,29,19,20,25,26,50,38,19,46,27,40,49,19,31,17,48,36,12,24,17,25,32,38,16,47,15,35,40,27,41,15,22,21,25,15,42,21,45,12,46,46,39,45,44,36,15,28,23
