43,27,17,16,10,25,33,27,34,12,50,22,23,43,40,22,21,37,26,28,23,14,48,27,49,45,39,19,20,19,32,10,23,12,47,39,14,40,21,49,45,28,46,17,27,37,40,44,14,33,31,13,23,20,26,25,36,40,31,49,47,11,34,34,44,29,47,41,28,49,18,28,10,21,50,27,30,14,13,50,18,12,34,47,21,47,33,14,32,36,32,50,28,15,42,44,22,27,23,47,21,32,35,33,38,13,42,35,37,12,14,39,44,10,48,26,38,43,38,35,31,28,47,20,12,47,22,20,18,43,22,13,42,27,23,49,37,11,19,17,28,23,26,35,49,14,43,32,14,45,26,27,49,34,45,38,10,25,47,45,30,29,48,15,45,42,23,12,28,16,16,35,44,12,11,32,22,27,24,15,35,13,20,29,16,18,46,12,35,31,25,29,47,39,28,41,42,15,50,38
37,20,41,33,35,17,24,39,27,23,45,40,13,31,20,18,24,28,39,27,41,42,10,35,48,42,27,15,19,47,40,26,11,43,23,23,18,23,19,25,30,33,35,29,46,16,43,16,17,34,47,42,34,35,35,25,29,20,46,26,47,35,41,21,50,20,19,36,47,15,14,13,12,26,24,36,40,14,25,20,36,14,44,33,18,19,48,48,38,11,42,26,35,44,18,13,31,45,39,46,28,39,12,12,31,35,46,20,30,50,12,18,31,38,20,11,43,14,10,19,13,26,13,43,12,50,33,47,45,13,28,34,26,33,19,48,10,15,41,29,23,41,12,44,35,28,15,21,21,45,30,34,32,30,29,21,41,45,40,29,38,28,28,36,32,46,44,33,36,17,16,48,36,35,43,42,20,18,14,40,46,45,49,18,35,35,14,31,46,13,37,44,44,18,20,29,16,26,16,42
31,29,28,35,40,43,19,37,29,20,12,25,36,39,39,19,49,45,41,12,29,20,27,44,47,45,12,24,22,37,45,31,28,47,48,48,19,32,32,45,35,45,35,12,37,11,14,42,43,34,24,22,33,16,13,42,15,26,43,38,22,36,39,40,19,42,22,30,23,39,42,36,27,45,35,11,40,32,23,38,16,21,26,12,37,41,47,32,19,24,16,44,43,28,12,29,45,35,36,28,36,33,18,50,15,33,24,16,25,26,11,17,27,47,17,28,46,39,30,26,28,19,31,37,19,21,39,26,48,23,38,49,36,48,14,39,39,25,47,13,31,37,24,47,34,32,12,41,38,21,14,27,35,18,25,46,19,19,22,12,30,14,22,11,44,30,15,15,31,13,32,11,38,24,21,32,17,37,32,48,37,15,16,19,36,17,23,15,30,22,33,20,22,18,45,16,30,13,13,48
42,25,27,34,32,21,33,30,46,35,26,44,34,13,14,48,15,35,45,46,42,32,27,32,48,47,33,43,19,11,18,42,32,35,40,47,41,33,13,28,41,28,40,24,22,17,40,28,24,11,26,47,48,16,34,28,43,25,10,40,30,33,15,38,17,34,16,49,22,28,44,15,17,50,12,17,41,33,47,16,43,39,30,44,24,17,38,36,40,35,39,49,44,38,37,43,48,23,28,34,48,27,46,44,11,19,32,18,12,19,31,48,24,23,34,23,44,34,45,29,12,12,50,32,29,14,28,34,14,47,24,34,10,38,14,38,18,26,47,45,34,42,11,36,19,22,41,21,36,19,41,30,10,41,38,44,40,11,13,32,16,37,30,31,41,38,41,26,39,28,39,26,14,19,18,43,28,46,23,19,15,14,23,32,14,12,38,15,38,36,48,43,18,48,17,28,33,43,23,25
23,14,27,34,46,31,42,15,29,50,43,37,27,37,41,10,42,40,18,44,10,37,47,45,20,26,25,16,15,16,28,20,25,20,48,45,23,33,35,43,49,17,33,40,29,30,43,46,17,33,20,36,34,32,39,33,49,17,43,33,12,44,19,12,42,37,35,48,34,16,12,23,44,21,26,13,42,39,48,29,48,49,20,19,39,28,46,30,35,21,46,32,41,21,35,17,41,35,29,24,35,42,48,36,15,24,49,11,20,46,33,15,23,33,26,35,16,22,16,24,44,29,39,41,31,41,36,39,41,13,39,21,29,20,26,14,45,35,17,12,29,35,37,11,44,27,48,43,29,27,40,26,38,26,24,45,39,21,13,22,44,33,39,35,11,34,20,19,48,29,48,25,35,11,12,19,50,50,37,13,36,45,46,27,13,18,30,36,15,26,38,43,18,44,22,14,39,15,11,15
21,21,44,11,33,43,30,47,20,13,46,42,23,49,42,40,49,39,41,25,22,12,26,31,28,24,23,26,29,12,18,37,15,26,29,32,27,22,17,20,27,48,14,23,23,28,20,46,35,24,16,37,41,16,48,45,48,35,50,40,18,26,46,20,39,40,36,47,41,35,14,26,46,27,40,29,30,38,18,25,16,43,30,45,33,37,24,37,24,43,24,28,19,42,48,31,26,16,26,13,37,46,26,34,28,28,24,42,36,39,21,40,41,31,21,28,21,10,46,29,33,17,14,10,18,45,46,49,15,24,22,14,46,32,31,26,23,23,10,50,16,31,24,13,22,11,21,23,27,27,12,49,29,38,22,23,26,42,24,26,17,13,28,46,19,41,12,48,31,41,29,47,46,34,14,21,44,28,46,16,23,37,36,17,15,20,13,46,34,44,36,21,19,36,46,17,41,18,37,17
19,32,18,16,45,18,49,23,12,49,42,35,42,40,24,31,24,42,18,46,32,18,24,29,18,10,24,12,35,36,24,40,50,25,28,13,33,49,23,42,29,33,17,47,39,45,28,35,25,19,13,19,36,30,47,20,21,21,19,48,15,17,12,18,22,32,11,31,39,30,25,39,41,28,16,21,48,27,19,43,16,37,18,25,31,49,41,11,41,44,14,22,22,10,44,18,40,34,45,14,21,28,22,14,37,23,22,44,12,26,20,13,37,23,25,46,35,32,14,41,13,40,48,34,35,35,18,35,33,22,25,19,14,44,44,37,41,41,36,39,12,31,47,15,23,21,43,47,18,25,44,10,18,39,40,41,32,13,17,30,15,26,17,37,42,32,36,45,33,34,28,37,30,30,23,30,33,31,36,31,35,30,45,29,23,28,40,32,18,37,23,50,43,43,19,24,23,24,35,35
35,47,48,36,13,30,35,45,33,31,18,17,33,14,29,27,33,48,21,31,42,43,42,12,36,22,37,44,14,16,20,18,13,17,29,19,23,23,11,32,46,39,12,22,13,32,12,41,48,30,26,39,41,39,39,41,18,31,46,22,41,46,44,20,47,18,23,13,21,47,23,26,18,39,31,38,16,25,31,19,17,49,34,34,29,48,38,33,33,20,44,12,44,39,27,40,46,43,16,39,49,30,40,48,18,36,22,35,34,13,37,14,22,37,26,47,16,43,50,46,41,42,29,31,48,21,36,36,25,15,46,37,42,21,32,43,12,16,16,13,17,34,33,48,24,38,44,21,28,24,19,25,48,27,12,49,14,21,16,11,13,50,27,41,19,14,18,37,47,21,15,30,22,37,13,36,26,18,27,17,34,44,45,41,39,34,21,23,22,17,44,27,37,31,38,28,41,30,45,46
42,12,17,34,12,24,29,37,19,33,11,24,13,27,48,26,32,24,22,24,32,42,26,47,24,23,23,39,31,11,24,27,39,46,16,24,20,24,44,17,30,37,43,44,37,49,40,24,49,14,18,13,43,44,14,17,48,39,17,32,47,36,20,43,19,34,19,10,45,31,36,45,38,47,32,28,29,10,20,43,23,22,50,37,43,19,41,33,49,46,14,13,30,37,45,34,45,22,25,28,30,10,22,33,11,34,38,16,27,23,39,48,18,40,29,24,47,45,36,38,44,35,34,34,12,25,25,23,24,37,43,26,42,21,16,48,35,42,28,41,21,21,42,33,40,41,11,34,18,12,15,12,20,10,47,49,19,42,47,38,49,22,40,26,38,27,17,46,45,35,35,46,28,14,16,25,29,32,14,27,28,32,38,19,49,21,17,37,41,27,42,16,17,18,14,39,42,14,18,32
44,19,24,23,35,43,30,35,31,35,46,20,50,15,37,13,28,47,23,35,19,17,37,49,32,19,19,27,22,24,32,18,37,43,30,50,36,37,35,43,23,20,42,13,45,16,29,47,40,32,31,15,49,18,36,43,30,38,48,43,24,34,28,25,28,23,35,25,36,12,34,33,36,32,44,22,32,45,12,23,48,20,41,13,32,19,40,14,27,25,17,37,39,48,43,10,33,29,11,44,43,29,23,12,20,39,16,44,38,25,31,41,33,32,31,12,38,28,43,20,30,32,31,18,32,12,17,36,14,34,26,45,20,31,49,31,48,17,40,49,27,30,39,41,37,29,23,30,10,39,33,26,36,39,43,40,20,49,47,36,12,35,18,46,38,25,15,49,35,29,18,45,47,48,36,15,16,41,30,27,35,15,50,21,26,27,35,43,31,19,41,43,36,18,23,15,25,14,39,23
42,35,22,24,44,24,11,48,13,20,23,22,25,23,18,18,41,22,32,23,47,46,45,30,19,43,11,27,35,41,22,12,14,42,14,26,43,39,26,20,10,49,30,16,28,20,25,30,44,43,22,43,19,49,25,40,41,11,19,22,15,20,27,49,18,16,29,39,12,42,29,48,37,39,27,12,45,43,47,22,31,36,14,17,16,37,24,23,25,50,38,15,29,29,41,34,35,32,27,43,14,17,11,13,32,10,47,49,26,21,30,30,44,43,30,30,49,10,35,19,39,40,35,14,14,37,29,18,49,20,36,45,45,30,18,17,29,21,42,24,12,13,44,22,29,41,26,45,15,47,21,42,36,21,13,47,40,17,34,44,12,39,22,36,18,39,29,18,19,47,36,45,22,28,37,43,46,30,23,11,47,19,39,35,26,25,33,17,28,41,23,20,30,15,12,42,50,34,19,35
27,26,16,24,21,47,40,14,16,44,37,38,32,26,34,47,31,47,12,16,18,44,39,50,34,19,37,36,33,42,38,21,32,38,14,10,32,30,34,27,12,48,37,40,21,28,44,47,36,48,38,28,38,39,46,39,39,31,35,42,38,31,10,13,46,22,44,33,22,38,20,45,27,27,49,40,22,31,21,21,28,44,14,38,38,15,13,42,23,35,38,44,36,39,13,29,25,42,44,50,38,16,42,38,21,31,31,20,45,22,29,47,35,42,18,16,19,25,23,19,27,39,28,31,26,21,47,16,31,43,36,47,49,32,44,29,31,43,32,29,42,44,30,36,16,40,30,15,32,31,41,49,11,40,28,26,40,19,38,40,29,44,16,12,16,15,45,19,16,24,46,13,23,19,21,22,26,47,12,48,38,21,11,27,41,27,46,43,46,20,31,26,45,22,30,42,34,10,18,19
22,15,34,37,27,41,14,32,19,48,19,43,18,49,17,15,33,39,33,30,42,19,34,25,38,39,27,13,43,30,35,20,13,31,15,44,13,22,36,29,37,35,13,13,32,18,48,23,27,20,39,47,22,31,16,40,13,32,48,13,26,26,29,26,34,36,12,20,29,36,23,39,22,48,17,24,31,26,48,34,11,34,37,39,20,43,20,15,22,38,15,50,30,48,38,35,42,18,27,17,27,36,15,26,36,30,45,18,39,47,23,26,15,39,17,35,32,23,48,29,15,43,26,23,43,41,11,18,43,35,15,42,29,30,49,46,19,34,20,28,36,46,46,41,21,46,13,19,49,38,28,20,42,39,30,40,30,28,13,20,11,13,20,44,14,48,41,24,21,21,37,38,29,46,42,48,47,34,28,43,20,35,16,20,23,19,24,36,43,47,19,45,32,12,27,43,43,46,23,49
46,39,24,46,39,15,44,38,28,23,40,44,34,49,38,29,22,20,36,48,17,25,17,24,49,25,36,43,48,23,45,35,11,43,18,25,36,34,14,40,25,28,22,48,27,14,23,10,11,17,20,41,21,40,12,17,15,22,19,39,14,17,12,38,31,32,19,37,18,26,30,12,34,49,19,45,11,39,21,21,29,36,31,41,18,29,34,36,42,46,32,47,44,26,42,33,28,15,45,38,41,40,49,14,11,26,43,29,27,44,18,13,15,48,33,24,35,14,27,29,39,35,34,35,35,23,35,17,30,46,21,40,39,12,23,16,35,10,30,17,36,26,49,49,36,44,35,13,19,15,33,43,43,21,47,39,40,43,24,37,47,15,14,29,43,42,37,43,46,34,43,32,18,33,22,16,23,44,50,46,14,47,29,40,15,40,24,19,20,21,32,41,44,42,13,13,12,41,12,35
37,35,22,17,12,43,44,20,36,29,17,34,14,47,15,48,32,11,14,46,23,40,14,18,35,13,16,31,45,19,49,38,40,40,31,16,30,20,36,31,40,22,49,22,18,48,20,13,38,30,30,33,22,20,42,29,20,42,32,16,27,33,40,20,42,38,30,28,27,41,42,48,33,19,37,26,50,49,45,23,15,21,12,36,16,11,44,31,11,41,30,47,18,26,36,48,28,30,22,11,33,39,29,46,38,25,32,46,40,48,24,46,29,20,43,40,49,29,33,46,23,20,22,36,21,31,31,29,48,15,39,22,30,11,12,11,30,21,29,35,47,17,46,27,49,44,34,31,19,26,44,44,16,21,20,33,11,18,40,18,13,33,36,26,50,27,31,39,34,11,35,24,36,26,35,23,17,34,36,37,42,12,43,42,40,10,32,26,49,37,42,23,25,40,10,40,18,49,40,36
32,48,28,21,48,16,21,37,27,14,11,14,41,36,48,34,45,27,48,31,27,12,14,29,33,14,25,19,16,18,33,43,43,30,39,49,29,46,20,46,17,17,32,17,37,19,15,39,22,27,31,43,18,48,24,43,22,24,38,47,15,32,10,22,43,24,44,31,43,23,22,25,36,19,27,16,36,34,28,24,15,15,42,19,24,35,48,49,32,42,27,16,49,19,25,26,44,23,32,21,46,24,11,42,49,12,35,33,49,46,11,30,47,36,44,21,12,17,19,40,11,13,15,19,40,19,27,13,18,27,20,31,10,17,13,17,35,49,28,36,42,13,40,35,39,39,14,21,46,47,20,10,18,13,41,40,35,31,16,14,37,49,34,21,42,40,13,32,17,35,11,13,46,35,12,48,34,12,45,26,18,34,31,31,30,50,39,18,42,14,34,11,19,20,29,27,43,36,15,39
34,50,40,36,41,22,16,43,28,47,36,26,37,28,15,45,41,29,38,49,39,26,48,43,19,25,36,28,15,50,37,20,47,18,14,18,38,49,37,32,19,16,12,47,35,47,12,10,17,23,47,48,31,31,38,39,20,15,26,29,15,28,13,42,32,35,16,11,31,24,15,36,13,29,40,40,26,18,40,28,43,35,45,44,45,44,49,28,15,27,35,12,27,24,34,48,22,11,10,43,38,23,35,16,23,15,48,45,42,49,35,33,47,13,29,38,17,11,19,46,21,41,26,22,31,17,13,43,47,31,34,15,44,39,46,14,28,45,22,32,26,43,29,48,39,30,26,26,15,17,17,20,13,14,20,11,18,37,12,11,42,28,45,20,30,36,38,28,42,49,32,48,18,40,16,16,46,21,47,41,15,33,48,16,41,26,42,13,19,43,26,29,28,10,45,31,46,27,16,43
32,39,23,43,17,49,42,33,35,28,36,17,33,28,38,14,13,12,39,48,13,28,46,37,13,27,49,48,37,41,42,47,16,35,48,29,20,32,16,42,37,31,19,41,49,31,36,46,48,50,26,31,44,37,35,31,18,35,26,22,12,27,28,46,33,23,15,32,10,27,38,45,39,29,32,46,26,23,10,26,31,30,50,50,16,14,14,11,21,19,19,13,16,42,26,44,31,21,23,46,17,33,25,39,10,39,41,23,21,26,12,17,35,27,26,27,40,21,20,20,40,28,43,28,25,35,18,32,15,45,16,50,40,45,32,18,46,20,35,43,30,46,46,45,31,36,48,11,21,45,49,28,39,15,36,38,32,10,25,40,19,31,13,34,14,31,39,18,46,33,12,32,29,14,15,15,26,45,11,40,40,47,21,13,22,16,34,16,37,15,38,45,30,22,48,30,11,43,18,16
15,30,13,24,16,18,22,45,34,18,46,25,30,31,12,36,32,18,15,24,23,37,25,18,20,12,22,19,31,16,28,18,13,39,45,30,45,23,11,31,10,27,32,21,36,17,17,33,11,29,18,47,25,38,35,45,21,22,19,23,38,27,27,33,12,31,42,45,34,26,33,25,28,24,29,22,48,25,14,17,38,33,35,25,33,32,38,14,30,27,29,39,12,40,25,22,37,36,29,39,12,49,35,23,26,30,16,49,21,14,22,46,40,28,28,24,27,16,16,40,23,32,40,21,44,43,41,26,39,14,40,33,16,23,32,43,21,27,31,27,11,17,22,39,41,20,26,46,29,49,31,18,50,41,26,39,12,36,37,50,25,49,49,38,36,48,13,44,13,10,38,16,33,25,13,19,12,17,24,32,45,31,45,10,31,30,23,14,37,24,37,16,15,26,46,43,49,12,32,27
26,35,34,39,45,13,16,45,10,41,42,31,47,13,32,45,30,17,40,34,22,30,44,18,36,18,14,41,29,20,49,25,15,37,19,45,46,21,16,45,24,49,43,12,42,17,31,39,11,41,43,29,26,44,42,47,27,36,41,27,13,13,48,12,11,49,15,46,33,32,15,41,35,18,42,47,21,19,19,47,17,32,11,30,43,23,16,14,29,31,32,23,16,31,23,46,43,15,48,18,38,15,27,45,31,19,17,45,39,11,39,24,29,18,43,10,48,44,48,46,42,41,11,38,12,25,32,50,41,38,44,32,49,50,45,20,41,30,19,20,43,15,46,41,31,20,27,40,33,36,22,21,24,30,39,22,32,31,35,23,42,15,20,40,29,12,31,14,43,31,25,30,29,48,46,41,45,18,39,39,21,22,11,12,12,43,40,48,37,41,13,14,34,34,21,28,34,45,41,39
36,40,23,40,16,16,13,39,49,29,43,11,11,46,33,35,50,44,21,34,37,31,28,39,47,16,47,50,33,35,31,23,46,17,12,27,11,42,22,30,41,25,46,26,49,15,15,49,14,13,30,42,15,19,49,24,22,14,24,35,23,41,42,11,44,15,32,22,39,11,23,36,38,25,37,45,35,28,42,29,32,21,43,36,29,44,16,25,16,30,37,10,18,27,40,42,45,20,22,29,44,50,15,32,28,47,10,18,26,28,31,22,27,25,17,22,18,39,37,14,48,43,19,22,26,22,25,34,39,13,27,14,25,33,17,31,32,13,26,46,39,28,30,23,25,15,43,37,23,23,14,19,47,28,35,37,13,11,43,11,43,40,38,31,36,34,47,28,45,11,25,31,26,18,34,38,47,46,46,47,14,44,21,20,16,50,25,36,25,39,46,27,47,43,16,34,19,45,29,27
19,47,20,27,16,31,27,18,33,22,31,48,47,41,23,16,18,11,29,13,42,34,47,13,29,46,33,15,27,40,14,21,14,10,39,41,27,14,19,42,21,32,23,41,48,15,48,39,33,27,50,27,26,37,43,15,37,43,37,31,36,11,12,47,19,14,25,31,28,48,30,12,47,17,44,49,40,47,45,39,25,18,22,20,46,40,23,24,21,29,42,13,36,14,14,13,22,34,16,18,39,33,45,37,38,40,19,14,14,32,25,42,41,43,46,41,50,10,19,30,48,28,37,21,17,35,36,35,38,24,11,12,11,47,14,26,19,22,32,33,22,28,31,13,11,38,27,11,35,23,25,34,35,30,49,49,22,26,33,37,20,12,28,33,18,14,28,14,19,32,41,24,16,32,49,23,30,23,10,32,22,24,13,32,13,36,28,38,26,20,32,47,42,27,23,30,31,49,15,11
31,26,15,28,24,10,17,13,22,48,19,20,15,20,14,28,42,38,26,40,35,41,13,26,18,37,19,46,32,44,40,48,37,16,40,48,49,17,28,34,31,49,19,29,34,37,49,35,40,31,31,40,48,11,40,23,20,17,25,38,40,38,18,36,34,17,38,44,28,41,34,11,40,45,30,23,48,14,45,22,27,14,25,44,21,48,42,47,27,33,17,28,19,24,47,46,40,13,34,12,37,45,46,37,36,17,16,19,28,34,30,12,44,30,28,19,18,21,35,37,23,21,28,13,19,39,36,47,22,43,21,15,11,12,33,25,25,16,36,41,27,22,35,48,38,37,16,50,29,35,16,15,36,32,29,23,11,23,32,30,27,33,15,48,31,17,26,34,49,11,39,33,41,31,46,40,24,33,34,43,14,43,44,46,11,17,43,14,43,12,12,26,49,24,39,16,39,26,26,11
42,17,43,49,17,23,40,22,32,38,44,48,25,10,32,36,22,29,37,32,25,45,14,49,32,47,33,17,31,12,31,17,44,37,31,14,46,21,42,14,21,43,12,48,36,35,23,32,15,47,46,39,35,15,29,45,47,35,20,16,12,40,19,47,10,21,39,27,28,45,19,14,30,38,48,14,47,27,35,11,13,22,36,14,26,14,41,27,49,38,25,34,36,41,49,37,13,20,16,27,41,24,32,36,29,43,35,38,27,25,16,43,13,26,31,36,20,13,31,25,24,22,11,33,16,19,41,20,26,33,32,35,19,39,19,33,17,19,39,20,45,18,46,27,41,50,34,19,26,23,41,36,30,17,34,47,44,23,31,17,10,42,41,37,44,34,25,42,13,33,13,39,27,49,11,19,41,22,45,19,31,41,50,43,38,22,26,28,48,45,36,26,24,48,22,45,15,46,27,36
17,29,18,15,49,14,23,36,11,19,34,17,37,15,49,44,16,35,12,45,11,14,16,23,34,45,44,37,37,32,12,26,29,46,31,19,42,12,34,13,35,49,18,29,11,44,26,21,32,22,30,28,27,37,40,49,45,48,39,48,22,23,10,45,31,16,43,49,28,21,47,19,40,28,35,40,23,17,33,13,18,16,43,39,35,19,42,11,14,43,37,30,25,18,28,20,19,31,34,44,37,39,13,46,36,26,46,21,35,19,24,15,43,31,25,34,21,49,37,16,25,17,25,27,37,12,11,15,21,27,19,49,10,15,14,17,20,14,41,29,12,35,40,11,50,22,39,15,48,43,34,49,22,45,28,36,40,40,46,14,11,22,20,30,16,11,49,37,41,36,42,13,11,25,14,18,26,28,16,30,21,32,15,49,32,43,13,18,24,21,28,48,26,33,12,47,44,12,17,32
25,12,32,11,44,21,20,47,35,17,16,47,25,21,13,38,27,41,45,42,22,39,21,11,26,37,49,48,26,42,38,44,32,44,45,18,48,24,26,11,22,28,13,41,36,17,30,41,12,29,18,38,32,16,39,13,21,43,20,36,19,37,17,20,16,40,12,44,39,10,15,29,43,44,25,31,24,13,37,39,44,48,40,46,24,27,17,37,12,22,48,28,40,19,45,42,30,20,48,45,17,15,32,49,48,38,16,32,24,36,31,24,30,24,35,42,11,15,36,22,11,19,36,38,43,39,48,45,34,11,37,40,11,17,22,36,42,47,27,29,25,19,11,36,48,36,12,31,10,45,26,35,37,20,49,32,32,38,39,38,21,40,45,15,41,11,34,18,40,30,15,11,23,46,23,37,26,23,29,33,25,32,48,43,38,31,30,27,32,32,35,10,27,28,24,36,40,37,27,23
29,47,50,23,13,44,49,14,23,16,25,27,44,43,17,33,30,39,42,17,44,47,23,46,47,19,49,31,13,47,44,19,17,30,33,28,14,49,25,47,33,22,38,40,24,33,16,44,35,18,47,49,21,18,18,12,13,41,48,25,29,20,31,28,10,19,18,46,45,26,23,18,42,18,41,17,45,26,13,23,32,26,49,43,26,20,20,28,35,26,40,16,24,31,17,26,32,31,40,28,49,25,20,17,39,29,23,34,23,13,42,26,23,35,22,21,27,34,47,23,30,38,20,24,26,20,25,10,14,27,28,39,27,43,22,29,43,48,12,21,41,26,32,46,13,40,16,34,18,33,48,49,14,29,37,34,20,25,22,30,11,14,30,46,31,48,43,28,22,39,42,25,42,25,30,34,23,43,49,33,14,24,12,32,47,14,23,21,25,30,39,38,40,45,39,31,44,14,43,13
48,19,47,27,12,34,34,46,32,10,17,32,26,15,22,37,36,50,18,14,29,26,12,20,11,16,46,34,14,41,45,36,45,13,29,23,13,48,24,42,33,32,16,17,42,36,29,16,11,46,14,37,31,29,21,38,29,17,41,44,18,13,19,28,45,14,23,23,24,36,15,24,38,12,14,43,17,43,46,18,37,17,33,28,32,41,19,11,26,30,23,40,23,24,48,12,23,47,10,36,43,43,46,37,30,42,30,14,19,16,27,42,39,43,33,28,33,36,20,11,10,13,14,26,42,18,45,18,34,32,16,20,17,44,15,31,45,29,35,49,32,42,36,31,30,24,36,28,37,20,48,43,24,27,47,31,12,31,39,19,30,17,20,26,22,29,47,29,32,20,11,49,10,41,41,49,33,21,25,38,48,30,19,36,39,45,50,17,47,29,42,14,19,12,17,23,25,25,40,46
13,12,21,37,49,48,16,21,43,49,34,47,12,16,50,25,13,35,15,10,18,39,21,33,49,13,40,19,30,37,29,15,40,38,22,12,45,42,33,14,18,26,40,38,26,17,35,18,34,47,16,43,31,49,33,14,26,27,13,32,35,23,45,28,28,10,46,39,35,46,47,16,12,10,34,16,24,27,48,23,45,39,14,49,12,30,28,21,29,19,34,21,25,11,26,16,30,39,12,12,31,21,24,13,20,18,43,36,22,41,38,13,21,10,18,32,18,30,33,35,22,38,19,43,12,12,24,39,13,42,22,14,34,37,34,10,42,45,50,32,33,38,27,47,47,17,22,32,24,26,50,39,19,19,38,19,44,17,48,18,47,11,45,49,27,32,12,40,17,37,29,50,44,45,35,45,42,31,29,30,27,44,26,29,47,10,33,28,33,39,20,13,21,14,13,24,39,28,37,49
20,45,20,48,32,15,38,22,17,19,16,46,28,19,22,14,34,19,17,47,14,40,45,18,46,33,23,41,22,39,43,21,46,32,21,50,48,31,36,40,49,38,21,43,18,47,36,20,23,13,40,11,16,20,46,43,35,43,33,37,11,28,34,19,31,18,13,13,37,18,11,27,13,44,17,24,42,27,29,12,35,13,35,41,31,14,29,39,12,28,42,42,41,50,10,17,31,35,30,11,23,48,12,26,15,28,28,36,18,28,10,11,15,37,19,16,46,49,11,32,50,29,34,44,17,21,37,48,23,36,38,33,18,33,48,29,39,18,48,12,20,22,31,33,31,32,10,32,30,33,37,30,11,22,49,41,47,18,24,15,29,35,31,16,11,37,10,25,44,31,25,21,24,14,15,31,45,12,43,37,35,14,19,41,19,14,44,24,30,22,28,25,45,29,29,50,43,34,28,23
31,27,41,19,46,39,12,15,18,33,22,15,43,11,45,42,43,32,43,20,26,46,34,31,14,18,28,50,23,31,10,28,25,15,12,25,21,18,34,11,26,48,36,23,49,48,44,34,28,11,18,22,50,33,26,47,36,17,37,21,31,47,19,15,37,32,24,11,36,35,28,48,33,24,50,23,33,12,47,33,37,27,30,28,13,31,18,17,37,39,34,15,40,24,44,42,19,40,27,23,46,21,20,23,41,25,14,21,39,47,29,48,19,20,26,26,17,40,37,37,14,35,24,46,26,47,36,11,49,45,17,14,19,18,17,41,37,33,45,11,16,49,19,39,20,16,26,40,43,33,17,33,21,18,38,30,27,28,21,29,31,20,28,13,35,46,23,34,27,29,18,11,16,43,49,21,13,18,26,36,48,19,34,39,21,24,15,33,15,43,36,16,33,47,31,49,19,17,44,41
28,39,32,21,24,48,16,49,23,43,48,26,24,26,17,34,41,19,16,40,46,46,36,40,13,30,37,33,15,13,48,40,17,10,46,44,22,44,26,17,27,36,11,16,11,16,44,24,27,36,44,42,37,47,43,27,49,29,18,24,11,35,50,23,49,24,35,24,22,11,15,29,33,29,17,36,30,22,23,22,19,37,35,37,14,35,32,33,36,17,33,44,42,32,36,28,20,16,43,28,40,23,27,49,38,25,23,34,28,30,43,49,42,22,11,19,36,30,48,15,42,44,37,45,11,30,46,45,41,28,41,12,24,13,38,49,31,49,13,16,27,50,45,13,48,36,20,41,45,26,17,44,25,49,10,25,15,30,16,33,44,24,19,41,46,16,20,17,14,36,15,29,27,16,11,21,11,26,16,47,37,17,16,29,43,21,34,41,30,46,21,12,34,25,43,17,19,35,10,38
13,49,13,27,23,25,34,35,43,41,41,28,11,35,32,11,21,31,29,14,30,35,45,11,19,24,49,47,33,12,37,14,48,26,19,14,12,28,28,46,29,13,34,20,31,11,30,19,41,47,42,10,47,37,31,33,30,49,24,18,47,11,42,12,27,23,32,15,33,18,42,44,16,36,46,28,26,32,43,17,42,39,14,35,26,43,35,15,30,47,42,10,38,48,43,25,24,47,19,19,22,26,16,41,46,29,16,29,23,45,41,44,14,39,17,49,36,45,48,32,34,46,24,16,29,21,19,19,42,25,34,21,25,30,35,30,37,25,27,28,34,17,16,46,29,39,19,42,34,41,18,31,40,40,34,43,36,11,48,40,16,45,19,24,17,12,26,31,14,18,34,36,43,19,49,23,32,33,31,34,25,24,15,22,13,30,24,25,12,24,42,41,11,28,38,22,29,35,17,32
17,41,19,12,48,31,12,49,14,19,15,48,47,11,41,42,17,13,34,20,23,21,49,17,17,18,15,24,42,41,49,12,17,33,13,26,14,31,13,34,45,47,13,10,40,16,28,46,47,38,44,36,24,26,34,43,31,36,44,14,40,17,42,27,46,47,34,11,11,17,16,46,35,34,36,22,43,23,23,46,46,45,35,28,28,19,27,12,48,23,15,22,50,37,23,27,42,24,40,26,34,10,14,24,15,14,15,41,24,23,42,15,40,33,16,10,22,12,23,18,19,48,38,10,43,41,23,45,29,22,39,22,18,34,29,43,37,40,26,23,32,50,12,28,27,15,48,31,36,26,11,26,40,13,12,24,36,23,24,24,28,49,19,17,25,34,45,15,39,31,39,48,43,27,30,35,48,32,29,49,15,38,18,43,49,34,12,46,15,24,37,23,36,30,28,27,20,23,26,46
44,22,35,35,40,18,17,44,45,23,48,19,23,17,13,19,22,13,17,47,13,29,40,17,48,18,31,48,44,22,34,31,22,48,17,30,12,37,41,30,46,25,36,37,16,18,21,43,14,46,50,25,46,28,47,16,18,30,49,12,36,32,47,42,40,10,41,16,43,40,36,31,10,10,29,44,20,20,23,29,42,45,30,21,30,12,12,22,15,22,15,17,31,45,46,11,47,31,15,46,11,48,26,42,16,18,44,41,20,24,46,42,34,36,25,16,45,26,11,47,12,16,42,37,19,22,30,38,12,24,45,30,37,45,41,40,41,45,48,27,38,11,18,27,27,18,28,10,34,36,24,15,35,34,48,15,27,21,16,39,22,36,43,40,10,18,12,37,31,37,45,26,11,40,33,23,13,41,30,23,44,23,34,31,16,43,22,20,40,37,34,45,47,46,30,46,19,45,47,48
37,37,48,12,36,41,45,48,27,49,44,33,14,21,23,11,32,41,13,46,39,19,25,21,39,17,15,31,34,44,14,28,25,49,20,17,33,16,14,43,42,47,16,24,49,20,20,15,44,41,11,25,17,18,16,43,31,46,12,18,34,45,47,38,43,44,15,36,45,18,37,49,12,28,46,11,33,26,38,44,33,28,37,39,19,19,15,33,21,21,22,19,19,28,20,24,43,41,16,16,34,49,44,47,29,13,17,39,36,30,40,48,22,11,33,42,29,42,28,34,43,27,29,47,43,17,40,45,47,14,30,27,46,21,32,13,33,10,28,48,18,20,26,26,47,38,47,42,30,49,31,31,48,40,23,33,27,45,48,25,36,39,14,24,26,34,36,42,48,20,31,20,26,25,28,23,12,25,37,26,40,36,45,12,24,36,49,34,48,43,30,50,20,19,14,27,14,44,27,35
10,12,42,16,14,43,22,10,27,36,36,15,12,23,22,11,28,14,49,40,37,24,25,28,41,34,29,15,42,27,46,44,39,10,30,40,45,32,38,42,25,37,45,41,38,11,16,15,22,45,28,37,44,20,36,28,40,36,44,43,38,14,30,37,28,26,44,30,25,30,18,38,13,40,11,24,34,37,12,13,42,18,42,29,36,48,16,22,30,32,28,42,16,41,42,44,21,28,26,16,17,22,29,39,38,30,43,49,24,35,35,34,24,15,45,23,20,20,28,19,46,15,10,35,27,14,17,39,39,17,25,49,19,14,42,25,32,34,14,40,20,27,22,13,41,38,47,25,31,49,49,13,19,23,38,14,32,31,26,37,20,19,39,43,29,11,38,36,14,26,45,44,40,42,20,20,29,28,47,11,28,39,25,46,33,27,23,40,23,41,32,26,33,11,32,16,46,33,17,49
40,32,49,18,27,22,41,10,26,40,31,49,45,34,42,12,17,29,35,36,12,22,23,29,11,13,11,46,37,19,21,27,20,41,49,32,22,21,44,36,34,17,44,39,19,24,30,46,16,17,43,41,19,42,27,23,23,11,30,48,11,15,49,43,41,32,39,32,44,11,47,32,34,43,14,31,47,33,15,24,45,39,18,46,32,32,27,19,49,49,29,40,33,49,49,31,16,17,22,32,16,37,10,28,27,50,41,31,20,19,10,27,36,11,37,30,44,14,49,29,41,41,18,24,35,14,44,12,16,45,38,31,35,11,22,38,32,47,49,26,25,28,43,21,15,50,31,46,25,30,44,26,21,29,46,10,41,48,20,45,41,49,22,12,50,11,34,19,14,35,33,20,43,37,20,39,14,20,19,49,16,32,44,13,23,40,23,37,44,21,49,35,17,46,18,21,10,26,43,30
37,44,20,18,43,21,14,13,12,40,31,34,32,18,24,17,12,13,23,45,35,32,12,19,13,29,39,44,23,46,23,39,11,19,37,32,31,13,37,11,37,20,16,21,50,38,40,43,32,42,39,18,35,22,38,40,20,45,24,23,12,20,14,19,11,21,47,10,37,37,23,30,41,30,34,10,24,19,21,29,30,46,17,18,17,24,47,26,40,40,45,29,50,18,24,39,16,44,14,33,15,30,19,32,15,16,47,26,18,33,46,49,26,15,47,42,27,28,13,34,23,15,19,45,50,19,24,39,19,35,23,19,41,48,46,13,38,48,33,46,31,42,43,43,46,49,23,31,39,31,12,49,47,36,48,26,15,22,20,16,17,20,38,27,13,28,41,33,18,15,33,40,21,49,38,16,39,45,11,29,41,16,44,34,21,19,46,48,47,36,47,34,23,45,35,16,29,30,16,14
42,32,12,49,46,42,18,38,12,43,40,23,16,26,48,10,44,41,44,26,35,12,15,39,20,32,29,18,19,44,19,43,32,45,47,20,15,36,22,23,36,47,48,49,46,23,26,20,46,39,31,24,24,39,28,40,12,11,29,49,47,40,12,27,43,22,47,44,35,49,14,39,34,47,32,33,18,28,31,45,49,16,47,38,49,21,45,25,45,26,47,24,20,12,35,48,38,11,45,45,46,13,47,21,14,24,26,41,18,24,42,40,44,13,18,12,13,28,20,38,27,11,14,26,28,31,10,32,50,38,25,22,24,46,50,11,33,26,29,17,27,19,27,45,24,13,32,16,20,45,34,27,15,47,15,28,45,35,27,14,42,39,30,40,47,32,31,20,40,20,44,13,11,33,43,45,31,25,27,15,26,24,50,29,28,22,12,10,38,39,42,27,47,20,17,12,13,35,11,34
44,47,27,48,44,44,32,35,28,13,50,30,36,48,44,46,50,30,34,49,24,39,41,14,19,13,42,33,18,43,41,22,42,10,43,20,45,48,43,26,31,45,34,23,39,26,33,41,30,25,42,37,50,24,17,24,18,37,47,26,21,35,40,25,42,35,16,46,12,22,22,11,47,12,23,36,27,14,40,35,12,18,31,49,23,19,43,39,38,34,22,25,40,33,34,42,49,49,30,19,30,41,27,23,35,26,42,12,46,10,42,36,21,16,22,23,27,45,13,48,42,35,19,39,41,36,43,32,43,31,31,22,27,36,46,16,31,47,14,31,14,37,35,39,29,47,49,36,28,27,11,31,27,23,42,33,43,40,17,41,24,14,43,45,38,39,48,26,11,34,23,48,41,42,16,48,20,33,21,24,35,21,18,48,23,48,47,17,40,18,35,47,44,16,28,33,38,20,15,35
39,19,48,15,45,47,20,34,29,47,15,23,35,49,10,15,44,33,28,11,10,20,31,48,17,44,33,44,24,25,44,27,30,23,17,30,15,32,46,25,48,25,46,20,40,20,14,16,12,17,40,40,19,43,50,32,35,14,29,38,28,31,31,25,39,14,29,12,47,41,14,41,15,31,25,14,21,37,10,34,37,37,46,26,34,30,18,35,25,43,28,32,37,36,14,28,21,44,46,43,41,14,16,23,30,35,21,20,17,20,37,16,21,23,20,48,26,26,32,10,44,28,14,29,35,17,29,16,41,38,37,20,25,25,11,26,28,38,46,43,44,33,32,50,42,14,39,33,18,45,32,22,37,35,31,32,28,22,16,29,33,40,35,47,29,30,31,12,39,36,35,41,15,49,20,37,14,45,35,50,37,48,31,34,15,18,46,21,16,20,37,21,45,10,22,20,32,23,35,18
37,17,18,30,35,32,44,48,14,46,35,20,21,17,45,28,29,19,46,47,25,13,48,21,33,33,21,25,12,18,39,24,21,17,30,14,41,45,43,49,27,20,29,30,17,14,27,45,13,33,15,46,42,41,33,35,46,40,12,37,44,47,41,21,38,43,35,13,35,48,46,19,23,35,20,47,27,11,43,19,36,28,19,21,39,39,26,48,23,28,43,42,25,20,17,10,17,13,13,14,25,48,38,45,41,26,36,29,32,29,13,30,33,17,30,11,35,35,26,36,32,18,43,13,33,22,33,47,16,38,14,19,32,21,16,23,41,16,22,39,36,27,46,28,21,45,35,16,33,47,21,28,41,27,16,40,32,34,49,50,18,18,37,48,19,22,39,26,17,40,42,20,11,39,19,11,42,37,13,24,39,28,30,42,27,46,45,22,49,32,40,24,23,38,45,27,41,45,38,42
19,26,40,37,36,36,47,38,13,10,22,23,30,41,14,44,38,46,13,27,19,29,24,14,26,44,34,15,30,33,34,29,40,46,12,38,41,40,12,13,32,20,30,23,39,25,32,42,44,18,13,10,19,41,32,48,35,16,15,46,35,25,49,48,22,44,22,20,22,49,32,42,22,49,47,49,33,35,40,23,18,39,19,12,13,24,22,32,49,11,14,23,39,30,38,27,26,12,43,24,49,23,11,24,45,15,31,15,21,11,43,45,41,37,43,21,49,30,41,32,28,40,40,39,22,29,37,21,22,23,33,21,35,34,37,46,27,30,26,35,47,31,36,46,44,13,15,15,21,14,29,25,33,13,40,47,46,20,23,21,32,47,22,49,46,14,32,21,37,32,31,24,21,45,37,45,28,42,30,39,11,47,35,33,30,28,49,40,13,23,33,39,24,30,48,49,49,24,34,49
25,49,16,17,12,26,33,46,50,48,22,42,42,42,45,43,34,38,35,47,33,35,11,46,24,21,25,43,22,17,25,32,18,15,50,25,44,23,39,38,31,17,29,25,34,38,18,49,11,42,21,31,17,15,32,18,37,20,26,12,11,45,36,16,32,17,30,27,21,43,36,13,44,47,21,23,25,28,22,45,44,19,13,17,31,26,37,44,15,35,33,41,45,35,31,11,20,29,48,42,39,29,35,12,20,47,27,14,48,33,48,20,22,24,44,47,23,11,26,33,15,48,23,34,35,49,28,49,21,46,33,29,32,37,25,16,11,41,25,27,26,31,37,12,18,35,13,13,49,15,34,15,20,43,15,35,47,23,34,22,16,15,50,13,35,28,47,44,10,45,27,33,40,49,30,33,30,19,31,46,33,49,17,45,37,29,45,39,29,33,12,25,50,12,14,47,47,30,50,26
36,36,34,26,37,10,12,45,28,42,16,39,24,43,20,30,12,38,42,26,30,45,33,40,39,27,39,11,14,34,25,37,27,10,41,30,49,10,22,10,34,14,43,35,22,28,16,23,18,34,38,47,18,39,24,22,17,23,40,14,20,39,22,25,34,19,14,47,35,34,35,48,25,26,11,31,21,15,48,17,40,29,34,38,30,49,19,38,46,28,33,28,42,22,43,23,37,23,22,16,29,21,22,18,20,18,11,15,33,14,20,41,14,48,34,17,35,27,30,16,15,39,31,45,31,27,36,31,37,12,45,36,26,49,15,20,15,19,14,45,22,37,29,18,39,41,49,33,31,17,34,30,40,26,33,48,25,17,23,31,17,26,38,43,22,49,14,14,11,23,48,36,15,12,21,26,31,11,34,28,20,19,25,34,46,48,37,47,49,26,40,15,10,26,31,34,43,47,46,49
20,27,47,42,46,30,46,31,44,41,39,32,48,25,42,26,12,39,19,38,43,27,35,24,30,45,48,31,18,19,30,23,30,29,17,22,45,11,39,14,20,40,24,10,39,26,22,40,49,14,29,34,30,33,25,30,13,49,43,17,43,17,33,48,24,18,30,19,20,47,32,49,24,50,42,12,33,15,35,25,48,46,17,49,49,48,11,36,20,30,39,40,29,13,11,49,18,47,23,26,37,16,13,25,14,29,33,45,46,43,19,35,29,38,41,26,20,16,16,50,49,37,35,28,42,26,41,18,50,46,48,49,48,21,38,43,23,46,20,36,24,30,13,26,45,43,18,49,16,35,24,14,47,38,32,49,48,13,34,34,44,47,40,27,28,16,45,22,37,11,50,28,29,26,50,45,13,28,37,13,33,49,23,25,19,17,40,41,22,49,34,39,31,42,37,16,44,37,18,20
48,38,17,28,17,35,33,46,26,42,34,12,41,48,38,34,47,41,25,10,29,46,14,47,38,26,18,30,47,18,33,29,30,48,29,47,38,31,13,30,38,34,14,29,22,31,17,19,20,14,32,31,17,43,48,10,16,40,27,36,31,47,44,15,31,29,33,14,39,17,41,45,19,16,25,19,43,40,40,26,19,33,24,44,23,26,18,24,11,13,28,43,21,32,41,28,32,20,15,23,33,41,28,42,35,33,25,40,44,45,34,34,42,15,27,21,29,24,20,16,36,50,24,34,36,30,13,50,11,14,22,32,19,32,27,24,26,25,27,47,37,40,37,33,27,18,22,41,35,44,19,38,13,37,29,36,32,30,46,13,34,35,36,26,30,35,38,15,13,45,11,23,19,11,25,45,19,36,29,41,25,19,43,19,22,44,30,28,21,50,48,18,42,40,15,18,20,24,49,34
25,40,21,45,12,28,41,26,40,45,28,39,23,17,27,23,45,35,46,44,38,29,44,17,31,38,28,41,33,45,17,38,43,12,10,22,48,30,34,42,25,36,11,27,28,31,16,41,49,38,43,26,26,38,43,35,36,23,41,34,27,34,48,40,24,49,48,49,39,15,49,41,25,44,27,37,35,40,22,10,42,46,23,28,35,25,50,23,33,37,23,38,38,29,28,12,27,21,19,10,49,14,50,43,34,44,42,37,23,37,20,12,15,42,19,20,37,17,37,18,17,13,45,33,46,15,28,47,48,31,46,45,36,17,39,14,14,39,36,28,17,38,47,21,49,38,48,20,26,49,20,19,47,47,43,41,39,22,38,48,17,29,17,16,29,37,28,45,38,11,38,18,12,16,11,24,24,42,36,40,50,37,20,22,12,32,30,17,20,24,21,32,15,43,29,11,39,49,34,44
25,21,33,48,23,12,36,34,42,36,47,15,44,43,42,37,30,45,16,26,33,36,48,41,29,26,43,28,32,32,15,44,26,35,50,46,36,15,40,42,28,40,21,26,35,43,20,22,50,49,38,14,45,45,39,48,33,25,27,30,27,23,10,48,24,28,50,16,22,43,48,32,39,27,25,34,40,47,24,40,34,44,44,35,11,27,19,11,25,24,19,23,21,24,39,14,19,34,49,23,20,46,12,34,23,31,43,45,46,30,42,16,19,32,38,18,13,19,45,40,23,18,47,26,16,34,15,42,49,42,10,19,45,36,23,38,46,24,15,24,21,44,20,25,36,25,20,24,12,47,10,12,45,28,41,47,50,32,41,49,32,24,42,18,17,31,22,43,21,25,40,46,35,28,23,39,12,12,46,11,49,13,50,40,11,17,47,34,31,11,49,12,35,23,32,33,48,33,45,22
