26,26,31,49,46,18,24,18,46,38,35,11,22,44,20,21,24,10,34,26,46,18,43,23,39,42,32,38,16,35,47,23,38,23,30,26,11,12,41,50,22,18,11,32,12,45,34,40,23,34,39,36,37,24,20,32,15,22,15,21,29,26,25,33,46,48,34,24,50,23,29,36,41,36,31,41,17,41,16,32,42,15,33,43,24,17,35,33,40,18,35,32,13,46,21,34,24,39,41,14,13,36,39,22,27,30,28,32,39,40,20,31,16,19,13,27,22,23,30,46,16,15,21,25,46,45,31,47,33,31,31,45,23,31,28,28,47,25,17,47,31,36,19,38,32,30,23,33,47,12,15,42,26,49,38,40,24,18,43,37,26,34,46,13,23,15,19,14,18,29,12,46,42,20,11,37,34,21,21,40,31,33,42,40,49,31,27,24,14,44,27,11,16,31,44,44,13,42,24,31
31,24,23,42,13,15,35,26,32,46,37,38,41,40,18,36,49,49,36,45,48,40,29,41,15,46,43,15,17,40,43,35,33,18,42,29,18,38,27,19,47,16,42,12,18,39,44,34,34,11,10,30,46,21,48,25,26,49,20,47,17,33,45,34,12,38,42,44,29,20,42,20,40,16,43,29,24,24,19,43,21,15,27,41,30,36,39,45,38,14,15,21,26,37,19,21,32,11,16,36,15,42,30,32,31,47,34,29,43,21,25,28,11,13,20,27,45,40,21,18,30,31,23,50,22,12,33,16,46,19,21,36,37,28,13,40,44,47,40,14,10,30,43,46,48,44,13,13,35,36,41,17,11,23,30,26,19,43,46,22,13,39,45,11,19,44,27,15,47,16,44,17,20,35,45,41,37,34,40,26,17,41,38,12,21,19,26,29,20,38,24,22,27,30,35,46,44,11,25,21
29,26,23,12,12,29,26,34,18,29,48,37,42,20,49,15,35,50,44,23,33,39,28,40,34,15,32,11,31,34,36,19,30,15,22,29,46,41,25,15,25,12,17,49,19,27,46,22,14,31,34,41,23,26,41,11,32,47,36,33,22,41,14,32,35,23,23,46,21,38,31,10,46,44,28,35,19,19,28,42,17,42,36,21,39,25,35,40,33,11,39,23,39,10,14,30,42,32,38,14,17,43,37,19,14,41,40,19,49,17,30,19,47,49,28,32,28,34,24,12,48,16,14,25,27,39,26,45,31,43,46,35,14,23,37,15,33,38,34,22,35,15,11,24,17,32,10,19,49,49,39,44,29,47,25,36,26,14,45,28,11,17,28,30,43,50,38,33,29,22,47,12,24,44,45,31,16,35,26,21,29,40,45,44,14,16,44,31,45,29,31,39,49,37,30,36,41,31,15,42
27,22,26,31,27,18,20,26,50,21,50,50,10,18,44,11,32,23,50,17,19,20,45,11,45,20,22,48,24,31,48,26,36,40,42,38,15,33,11,40,22,20,36,11,42,29,29,20,47,50,11,16,10,46,28,32,38,16,46,25,36,16,31,11,21,34,46,11,13,20,27,26,38,34,24,45,43,27,29,50,32,14,38,18,49,46,15,48,38,21,24,41,43,26,48,46,48,44,23,31,39,33,38,10,25,21,15,39,36,26,14,12,26,25,28,15,30,28,22,44,30,40,45,20,49,41,22,27,20,34,17,47,38,27,20,14,24,43,20,47,40,39,38,16,21,38,24,20,15,21,33,40,21,28,38,12,42,14,15,43,36,42,37,47,42,42,50,14,39,47,33,29,41,13,13,24,24,39,32,32,15,15,19,37,42,29,17,19,49,10,15,18,21,25,21,21,32,21,16,42
15,13,19,44,35,35,30,36,45,31,39,32,18,31,26,13,27,42,22,12,15,43,28,15,13,46,44,19,34,35,40,10,29,31,46,29,50,44,30,50,14,18,38,28,46,24,14,36,47,38,23,18,36,43,47,43,40,44,27,12,19,24,32,19,18,27,40,21,30,39,36,15,34,39,32,17,14,32,33,46,25,22,37,19,47,34,39,11,35,44,49,34,33,38,50,38,12,40,29,17,46,46,10,50,36,12,47,16,43,36,26,12,39,32,49,31,39,50,17,16,26,44,50,11,19,20,44,19,39,21,27,20,41,48,10,42,14,33,19,28,43,35,40,22,17,10,27,14,21,48,18,36,31,35,26,43,48,26,13,28,15,16,19,43,41,19,17,22,22,38,37,47,38,36,25,27,29,40,47,40,17,22,49,16,48,15,26,38,17,27,18,49,36,26,36,16,19,31,12,29
14,40,24,43,13,35,14,22,38,48,35,32,14,25,35,33,35,14,16,23,49,21,50,15,18,38,36,28,33,28,18,23,21,46,45,42,35,40,42,32,33,19,28,29,28,39,12,29,15,20,17,33,27,14,12,38,29,33,18,29,23,12,17,48,17,16,13,40,21,40,10,34,40,23,40,19,34,40,35,14,38,46,12,17,38,37,28,46,19,41,39,34,46,28,40,30,46,27,34,50,50,27,35,24,10,37,34,38,31,45,49,14,11,35,30,34,15,16,17,20,26,46,31,49,17,31,30,13,12,11,30,16,27,24,21,21,28,25,25,41,19,19,36,46,35,29,41,13,18,34,30,31,31,29,32,42,21,41,35,39,41,13,29,22,50,42,21,34,26,11,11,35,45,29,30,43,23,47,35,36,45,18,30,18,19,30,19,45,26,23,20,26,45,30,21,27,17,43,40,48
35,31,19,12,21,17,11,15,43,42,35,28,47,30,39,36,15,14,24,28,38,45,13,27,20,24,47,16,16,19,47,49,40,34,43,47,46,47,35,47,45,47,36,27,37,17,40,50,14,27,33,17,40,13,26,41,17,35,13,33,46,42,22,31,37,16,39,50,25,43,16,36,50,32,10,49,25,47,49,21,22,36,30,41,28,26,23,20,45,49,48,18,12,23,32,21,15,40,43,44,24,47,29,17,31,45,42,25,27,41,32,28,44,33,40,31,37,17,29,34,19,35,39,43,37,29,41,12,21,37,13,39,19,37,28,23,20,37,13,24,22,19,45,17,25,35,30,39,46,22,43,45,42,49,39,49,28,45,11,28,32,13,19,35,12,11,13,12,37,22,29,42,11,16,43,44,20,30,15,17,30,36,35,34,15,50,37,46,50,49,24,25,39,44,21,45,15,20,46,49
32,41,23,13,38,30,19,27,45,49,24,34,49,41,32,46,28,25,41,41,30,48,12,47,39,41,46,36,46,38,15,41,41,29,29,27,37,17,42,44,40,44,37,41,30,18,36,33,49,30,45,40,41,46,48,48,26,39,33,47,42,25,35,26,17,41,26,22,20,37,15,24,13,43,33,17,20,36,22,27,17,31,26,32,48,28,45,41,31,20,42,15,16,23,16,21,29,30,17,41,36,25,31,14,19,26,21,44,25,43,13,13,42,28,37,49,30,44,40,36,50,18,25,12,40,22,34,19,20,47,20,44,29,18,36,42,35,47,37,41,28,34,45,11,41,28,28,10,48,39,25,29,28,20,32,39,18,50,33,25,19,42,29,11,23,42,46,39,48,39,28,24,41,43,16,20,48,40,14,32,34,44,49,30,47,26,17,37,27,25,36,16,19,45,41,42,23,47,15,19
25,44,48,34,50,25,36,40,41,43,33,28,32,26,21,20,14,15,17,40,24,33,32,25,25,48,27,23,25,36,20,29,43,38,19,24,32,48,26,15,38,14,39,24,43,32,43,29,34,35,45,49,14,23,33,48,26,42,34,38,19,13,18,40,25,31,31,39,10,47,36,44,45,22,42,37,48,23,38,19,45,18,20,34,36,24,12,40,34,45,31,50,15,22,40,25,42,17,49,29,12,20,29,33,31,11,21,34,12,47,34,47,34,26,44,35,29,43,26,20,36,46,19,33,21,18,41,17,45,27,11,14,30,47,30,14,42,19,45,40,42,45,48,31,48,21,19,19,19,46,49,20,26,46,30,22,11,15,45,44,23,30,40,30,47,43,44,39,46,20,32,43,48,32,44,38,25,35,33,29,32,26,11,20,35,11,50,12,43,36,40,23,30,41,42,11,50,48,44,26
19,27,47,28,13,29,23,42,37,47,19,20,21,26,21,19,43,14,15,13,13,23,33,18,20,32,31,19,19,42,27,42,12,17,31,35,12,44,32,48,45,13,27,13,48,45,12,35,48,50,22,25,31,14,29,45,37,49,32,46,21,21,49,30,40,28,26,28,42,33,47,23,20,24,44,15,43,47,23,23,23,25,40,16,45,46,21,10,48,44,39,25,50,29,30,15,41,26,24,27,20,50,33,46,41,48,38,26,49,26,32,28,18,26,46,33,11,16,10,11,18,11,14,47,17,21,32,45,25,15,23,37,32,44,14,16,11,26,29,48,28,31,27,39,37,27,14,36,17,48,34,18,15,14,14,35,30,22,23,12,32,18,16,17,40,30,36,34,27,30,24,36,15,43,13,34,29,43,44,15,35,27,45,47,37,36,33,43,23,30,29,45,31,25,34,49,37,26,20,48
32,17,43,18,23,12,10,34,13,28,18,46,34,45,29,24,36,19,38,33,29,46,17,34,41,29,44,42,11,20,28,37,45,18,39,25,21,14,29,23,36,18,44,20,24,10,35,35,30,10,17,27,44,19,45,35,27,23,29,16,32,19,42,34,12,24,46,33,28,45,17,49,30,16,22,37,29,33,23,15,35,11,35,32,38,46,42,39,36,50,41,18,34,27,46,20,49,32,39,25,23,14,24,45,16,21,46,41,35,23,34,38,10,38,12,25,43,32,22,45,26,48,21,43,49,40,49,32,12,44,44,37,34,49,23,31,48,14,45,11,30,40,36,16,48,35,24,28,45,10,15,47,13,36,42,26,33,32,41,20,45,46,30,50,39,43,13,32,37,46,14,16,22,44,39,23,49,31,35,23,21,11,41,44,43,23,31,31,33,18,13,14,32,37,23,37,47,45,10,11
44,35,28,47,26,17,37,14,48,48,25,49,15,13,22,31,49,45,16,20,37,23,12,18,18,40,10,11,13,16,48,44,40,19,49,29,25,12,12,28,17,20,23,36,19,17,38,18,24,45,36,50,28,46,15,45,38,29,24,50,22,44,32,44,19,18,18,38,25,44,32,29,16,20,21,27,19,38,15,29,16,31,46,26,21,39,12,23,12,25,38,17,24,28,40,29,23,42,21,42,45,34,49,29,26,18,42,30,14,35,36,30,26,13,18,47,40,45,16,20,28,48,17,40,33,29,43,49,47,25,18,36,36,26,26,19,18,48,42,43,45,42,15,37,43,10,47,25,14,36,30,28,34,22,15,23,31,31,13,16,11,37,12,23,43,11,49,24,20,47,43,12,34,13,42,21,36,16,22,37,48,30,43,25,22,43,41,22,11,19,42,10,16,10,42,13,43,33,33,26
34,17,27,15,35,10,38,34,16,47,45,21,28,24,20,46,39,11,14,33,27,47,12,43,32,18,48,24,26,49,22,46,12,17,31,20,24,18,13,18,20,31,32,26,22,16,33,19,39,49,48,34,32,19,19,23,22,16,16,48,43,24,20,15,10,37,12,34,33,36,26,30,47,27,47,35,18,35,12,37,16,41,28,47,49,43,42,45,25,40,37,28,12,13,29,37,32,11,45,16,47,35,42,13,14,34,35,11,14,37,30,27,47,29,39,26,26,20,50,14,15,26,37,31,41,42,14,12,48,44,34,48,43,33,21,24,20,44,24,41,25,42,16,47,25,38,33,23,39,30,28,14,46,41,23,20,32,35,35,32,14,20,39,22,32,24,39,32,18,38,37,15,24,37,50,49,38,11,35,21,19,34,49,22,48,24,26,27,36,48,14,40,38,36,43,20,45,16,27,32
18,38,42,29,24,29,15,33,36,28,28,35,23,46,11,29,27,31,29,43,18,32,36,34,24,29,29,44,30,23,34,22,41,47,46,15,29,17,14,40,36,47,44,23,28,37,44,21,30,19,26,47,45,47,20,28,31,13,11,43,44,50,31,42,38,33,14,41,49,14,25,43,40,30,39,16,46,15,39,49,44,30,24,11,19,12,48,38,25,13,43,28,25,25,33,48,23,23,31,49,20,27,29,29,19,43,32,49,41,11,27,32,33,38,40,26,29,11,30,50,31,45,39,37,27,38,33,24,21,47,32,32,32,19,33,37,40,41,24,25,27,22,46,34,30,23,39,32,13,35,12,45,12,43,20,39,42,28,41,41,21,27,29,17,23,48,11,32,25,13,12,43,35,43,37,41,16,35,23,20,46,39,35,35,32,26,34,31,43,20,18,26,18,48,39,17,44,10,34,23
13,29,42,24,12,20,30,21,35,40,24,32,32,32,15,50,41,39,44,12,43,37,27,47,27,13,29,16,40,16,20,10,25,19,14,21,36,36,19,49,27,44,48,33,46,21,12,45,35,43,48,35,50,49,18,39,15,25,30,15,17,21,45,46,13,30,21,18,18,29,28,40,49,21,37,17,46,23,24,21,14,19,22,30,30,32,38,11,17,44,23,43,42,40,43,19,21,31,28,14,23,41,32,25,25,43,11,20,27,19,31,13,46,26,17,26,27,44,48,29,29,20,42,30,25,14,34,33,48,44,20,32,39,30,43,38,18,36,49,11,26,15,18,34,15,48,35,29,42,15,37,12,44,24,34,30,20,32,39,18,46,38,25,27,35,49,48,43,25,18,42,25,49,22,37,29,42,14,36,46,41,46,13,14,36,38,47,42,36,10,44,41,23,12,42,31,13,25,35,26
11,33,24,16,11,18,30,47,17,18,21,17,41,27,48,28,47,34,10,46,43,17,14,43,40,32,34,27,30,34,42,36,16,39,16,46,18,31,31,28,24,48,46,18,44,24,18,40,21,16,10,18,11,29,10,28,32,17,19,40,39,13,13,36,26,26,43,39,15,21,48,45,26,39,43,41,30,34,22,35,41,29,13,29,26,21,43,33,25,19,21,48,35,32,40,37,13,19,37,49,49,44,20,34,38,44,25,27,38,25,14,45,33,17,24,30,26,41,32,48,48,28,11,27,40,13,36,12,50,12,49,34,25,23,42,12,13,14,14,50,47,19,16,47,11,46,20,43,21,31,14,36,36,34,36,12,19,14,41,29,41,13,38,26,44,39,36,23,24,22,44,39,40,17,24,24,22,29,47,10,19,25,13,25,32,45,11,25,34,27,17,16,28,20,28,11,10,30,46,14
17,12,38,37,13,25,38,34,20,34,49,21,33,36,18,26,19,24,32,13,15,45,44,49,26,31,33,22,36,32,25,48,18,28,38,13,46,42,45,31,46,35,18,36,11,47,28,42,43,21,46,35,30,26,46,24,10,22,23,12,16,21,18,38,19,30,20,11,20,27,49,33,11,46,43,45,23,49,45,33,25,15,24,35,36,41,17,50,27,33,50,17,25,22,48,40,39,46,31,24,10,14,48,43,20,39,43,37,34,29,49,47,37,39,46,30,19,29,34,28,33,50,42,38,22,50,37,27,26,33,19,20,43,40,16,29,40,41,35,34,34,34,35,31,33,21,24,49,18,49,23,19,11,35,25,10,19,43,43,47,18,29,10,32,12,45,21,15,25,29,12,13,41,17,26,49,42,18,31,47,36,31,15,12,30,37,44,45,47,17,20,37,37,22,36,30,40,14,20,34
28,42,38,45,23,21,15,23,22,19,30,44,13,13,16,26,35,46,16,15,32,32,24,35,14,44,22,11,13,14,30,43,31,35,14,34,40,17,19,34,48,34,34,28,40,46,44,16,18,23,21,35,49,30,42,30,22,38,21,32,23,47,23,48,20,24,30,20,23,31,46,35,44,42,11,25,31,21,27,25,44,49,45,21,40,28,20,41,16,28,39,21,11,45,42,36,49,44,44,24,15,48,14,14,18,25,42,29,31,33,29,17,46,38,33,48,14,23,38,24,21,14,37,45,20,45,23,15,27,49,16,21,11,10,38,35,24,38,18,13,36,24,47,43,45,17,33,30,19,22,12,29,34,12,39,43,41,45,26,28,36,40,41,35,44,50,14,42,43,20,46,39,42,24,22,21,24,42,37,12,33,31,35,18,16,18,17,48,44,49,36,24,33,48,18,33,20,16,19,27
24,21,10,35,38,12,46,37,40,26,12,49,11,27,22,27,40,16,36,16,39,44,37,43,14,46,41,42,16,12,39,49,35,42,30,19,32,31,10,38,21,16,16,45,37,34,34,12,20,12,13,31,11,36,24,16,37,32,36,20,42,14,24,12,33,13,31,44,43,20,48,49,17,17,11,26,24,21,10,37,38,41,24,33,23,18,10,29,49,25,12,31,25,46,32,33,13,37,25,40,11,39,31,29,49,21,47,48,22,14,29,12,30,25,32,29,30,11,23,27,14,40,16,24,19,23,16,32,50,23,31,43,17,18,16,46,20,49,44,42,29,47,26,21,28,23,26,43,34,11,19,29,38,48,13,15,27,29,28,45,11,11,44,34,11,42,25,49,42,42,16,38,27,20,48,48,20,22,27,46,16,14,33,41,27,24,23,31,15,35,21,42,38,27,30,39,25,43,20,24
20,25,36,46,45,17,45,42,17,48,35,14,19,49,24,36,16,43,28,17,21,20,41,34,22,35,41,16,43,27,28,45,30,30,14,50,24,20,38,36,47,48,32,31,49,49,12,21,26,49,32,18,37,49,35,30,33,28,24,29,29,35,21,14,15,49,27,45,48,42,44,27,39,47,45,23,16,48,47,20,23,22,18,41,31,25,11,39,47,14,44,42,36,20,32,40,36,28,20,36,38,36,17,15,35,21,43,40,42,15,33,43,17,44,39,43,12,35,47,49,27,17,42,35,49,30,48,16,24,23,47,11,19,29,27,50,25,30,22,47,13,49,39,29,30,46,38,10,17,31,24,15,25,40,22,47,43,49,46,23,43,31,29,44,12,35,37,13,24,41,38,21,29,23,37,20,43,45,10,24,39,19,13,22,36,22,46,48,31,39,37,45,25,49,49,13,41,37,48,43
22,45,42,45,42,16,15,42,43,42,46,14,10,48,48,26,18,13,17,28,28,42,25,24,41,22,11,22,18,37,21,34,26,19,17,33,18,39,27,18,50,45,24,22,44,32,28,44,33,26,19,11,40,21,35,27,24,23,33,18,33,41,41,18,11,40,44,18,39,45,47,43,26,21,17,49,34,47,40,46,39,39,37,47,29,12,37,25,44,19,20,41,15,13,33,36,24,35,46,11,21,34,42,15,14,34,24,23,28,28,42,38,31,42,20,43,18,40,29,21,21,25,21,49,24,18,39,16,41,37,33,48,40,44,20,49,37,39,47,26,19,36,32,24,43,35,45,38,20,12,40,50,24,21,35,34,48,30,30,17,34,21,23,34,46,43,14,19,23,44,45,23,31,18,21,19,15,13,29,30,14,45,16,48,38,21,35,21,36,21,45,50,13,45,36,45,19,32,31,31
39,12,29,10,21,39,37,16,20,49,29,30,45,37,29,41,48,17,22,50,45,49,16,42,44,40,12,11,12,25,35,40,47,25,33,15,26,25,16,11,33,20,37,32,46,47,35,44,20,25,29,29,49,10,13,38,23,17,41,32,40,15,11,11,29,34,20,20,14,18,19,37,12,21,39,47,17,18,36,14,27,28,32,29,44,25,27,33,40,42,20,33,31,30,41,25,43,46,45,17,37,42,36,25,49,44,38,40,34,43,32,47,22,38,12,41,12,28,27,44,22,46,29,21,48,19,11,44,18,35,23,21,36,48,47,27,22,46,18,43,43,22,18,20,40,33,25,22,23,20,18,42,31,41,27,36,20,14,17,36,49,28,40,14,32,30,35,30,45,39,32,14,41,25,44,17,15,30,42,36,21,13,11,30,34,34,25,21,22,23,45,43,32,29,12,43,24,27,43,37
11,19,50,46,43,43,23,20,29,34,29,31,16,35,11,24,47,37,39,46,17,41,50,23,48,40,40,29,13,41,12,36,43,34,36,49,30,35,22,11,23,26,43,47,32,38,21,13,41,27,11,35,31,23,38,27,12,15,16,23,47,41,29,16,42,27,24,47,48,31,50,24,24,14,14,50,47,24,21,44,30,48,21,10,33,14,11,28,17,18,32,34,39,33,26,21,24,19,17,10,32,18,43,38,29,38,47,11,16,11,10,23,33,34,30,22,50,23,29,27,34,29,35,21,14,40,42,40,37,12,25,25,42,15,33,10,18,48,34,22,35,46,31,28,17,10,39,12,19,47,41,10,39,21,11,33,16,43,38,27,32,13,21,13,24,22,39,30,42,25,35,27,13,29,45,26,25,24,48,30,16,26,33,38,24,48,43,13,17,28,29,32,40,31,24,15,23,19,31,29
39,49,11,21,19,25,46,38,25,27,45,21,46,14,19,44,49,29,25,30,29,11,19,23,11,26,36,50,21,46,49,21,50,49,37,16,42,41,26,30,42,19,12,47,16,14,24,42,21,31,22,49,47,29,34,37,21,22,42,19,22,34,49,27,25,41,24,13,36,27,41,30,26,16,42,23,45,12,20,34,42,42,30,34,42,42,42,38,24,28,26,30,11,41,34,48,47,16,21,13,27,45,28,36,49,36,17,44,48,21,29,39,20,41,32,35,20,32,23,45,33,14,42,49,43,13,33,17,21,30,31,44,29,40,21,45,31,18,47,16,14,27,44,38,30,20,48,40,32,19,11,36,34,30,16,30,47,39,40,36,29,20,27,38,47,23,31,47,26,11,37,12,28,34,44,31,36,33,15,15,48,17,16,33,19,46,11,25,33,21,39,37,27,13,39,36,46,35,34,32
14,24,11,33,15,15,44,31,29,42,17,19,38,45,11,15,15,32,27,47,40,23,41,39,50,48,26,49,47,35,45,21,36,22,25,16,45,22,26,21,12,28,27,39,29,35,41,21,50,30,49,32,28,28,35,29,27,49,40,22,17,38,43,36,26,11,39,19,30,25,20,15,30,44,20,29,39,17,35,44,43,41,22,16,11,16,37,38,40,50,16,47,21,18,30,38,49,33,14,16,45,37,20,20,17,45,44,46,46,43,43,50,39,13,46,28,23,33,33,41,18,24,49,15,49,37,27,32,43,17,17,21,39,23,14,29,29,34,29,27,25,26,45,13,32,37,32,40,39,21,49,15,31,28,44,19,17,47,15,33,50,28,36,40,13,20,39,33,24,42,40,48,28,16,38,45,32,28,14,19,21,15,10,34,37,16,17,24,36,14,39,37,14,28,32,19,21,11,39,37
26,35,16,36,50,16,32,19,37,27,13,28,40,10,40,37,21,38,31,30,13,23,19,10,17,32,11,42,42,20,15,13,21,13,40,44,26,34,18,39,39,14,39,44,43,13,38,38,33,25,43,16,39,24,15,23,28,47,50,24,24,48,31,28,45,23,33,25,32,26,46,17,11,36,12,20,34,16,43,17,26,41,40,18,34,12,16,35,43,36,30,43,16,25,47,29,22,20,30,27,47,20,35,31,20,24,29,27,49,47,30,31,17,37,22,32,43,11,49,11,30,22,45,11,36,36,43,35,38,34,40,24,30,20,13,12,25,20,30,41,14,35,31,18,28,33,42,13,10,20,30,37,43,35,14,19,21,22,36,27,34,31,30,26,33,27,10,19,40,30,11,19,25,42,16,46,14,33,24,14,41,17,27,22,39,42,50,38,37,31,43,11,27,36,30,21,37,50,20,32
40,29,42,16,26,37,26,43,29,19,43,28,18,15,22,13,12,48,25,45,17,34,19,24,13,17,19,29,12,19,12,45,23,47,26,49,33,13,24,33,34,28,27,26,38,38,29,41,35,22,39,47,32,34,42,46,17,48,13,11,40,42,30,36,39,46,32,48,44,22,32,16,49,45,28,21,45,12,25,43,16,37,31,25,22,16,22,11,41,34,24,21,13,14,10,47,46,35,24,22,31,49,50,29,12,37,22,50,29,35,45,32,37,17,12,24,13,19,15,21,21,22,13,44,36,37,41,20,37,45,41,26,17,18,30,30,48,45,42,25,35,24,35,42,15,36,21,11,34,50,42,46,37,44,36,11,49,33,12,49,45,10,19,13,20,46,27,10,43,28,43,32,49,22,40,15,16,30,18,45,44,16,15,14,34,34,22,15,29,38,46,44,18,50,36,15,36,17,34,11
25,44,47,17,42,20,43,17,16,23,27,12,35,48,35,29,30,46,37,30,20,14,34,31,30,31,25,30,41,33,30,46,46,43,12,30,12,19,11,47,26,42,38,29,32,27,37,41,40,10,36,11,38,21,19,46,18,14,27,24,26,21,10,30,23,27,33,29,18,15,42,43,27,28,16,41,50,31,42,49,34,48,36,18,14,37,26,30,45,15,27,18,42,28,21,17,27,42,31,31,22,26,15,33,38,49,17,36,15,44,24,41,28,40,35,12,35,27,41,49,28,18,30,13,14,21,18,45,25,31,47,28,45,20,28,40,48,44,19,48,46,18,40,42,33,48,22,49,27,38,36,29,38,37,16,39,38,22,34,37,46,15,36,25,14,33,25,20,39,45,30,34,45,18,21,30,34,17,30,49,45,33,50,36,46,47,49,30,26,15,15,30,37,32,35,15,49,12,21,45
13,35,14,22,12,27,20,29,30,44,31,23,15,34,26,13,42,38,38,48,21,20,21,44,48,37,30,33,46,43,21,30,10,11,16,19,16,34,19,49,33,36,31,26,34,18,11,13,41,15,17,22,44,13,48,47,48,16,24,22,30,33,37,45,45,42,48,21,27,38,27,22,35,38,30,20,24,50,46,11,12,11,28,46,33,26,42,28,25,17,47,26,17,13,19,45,36,24,31,43,49,35,34,21,43,32,37,43,40,37,29,47,23,43,15,34,26,21,41,38,22,13,25,49,47,26,20,18,39,21,28,15,46,49,17,16,46,12,43,15,29,11,28,47,22,18,36,48,19,16,25,40,30,37,14,31,23,24,18,14,24,34,34,41,49,32,42,34,20,47,38,47,13,20,40,23,22,43,32,20,48,13,28,26,10,44,34,23,43,13,29,45,27,16,24,39,50,39,20,39
37,46,15,44,37,42,29,35,12,17,21,17,19,29,35,13,44,26,44,21,41,28,28,34,32,42,24,32,24,30,34,47,41,43,46,24,31,11,22,28,22,13,22,45,44,30,21,14,21,38,11,27,20,26,46,23,38,18,15,15,37,30,41,42,35,35,11,35,14,29,30,41,48,31,49,12,47,34,25,35,44,50,21,45,27,31,50,50,21,22,27,45,41,15,22,40,46,48,27,32,39,19,41,36,16,33,43,31,22,31,47,11,47,11,44,47,50,45,46,47,34,49,10,28,24,34,25,32,23,50,47,47,36,47,21,39,21,18,16,13,26,44,10,45,38,32,44,46,24,47,26,23,19,23,47,33,47,47,45,34,37,44,24,29,40,41,14,27,20,17,16,36,20,26,37,26,38,48,16,33,23,47,20,17,15,39,35,12,11,23,12,32,50,17,48,45,41,24,15,37
23,43,15,12,43,37,49,40,16,29,16,39,39,21,28,11,18,39,37,49,41,47,16,37,50,26,19,38,36,35,21,19,14,21,46,33,32,10,46,14,36,33,42,27,26,20,25,48,48,33,44,24,36,41,33,42,47,46,35,14,46,24,44,32,36,13,14,47,40,41,11,44,18,37,49,45,11,23,23,23,46,40,28,21,30,18,37,30,49,21,15,10,40,27,47,19,30,12,13,29,25,31,23,12,36,15,46,15,13,45,34,24,29,41,42,29,20,44,15,41,18,35,40,37,16,17,33,11,45,43,32,12,29,21,49,49,34,43,30,43,24,20,20,39,32,47,42,33,43,36,25,50,32,43,38,15,23,12,48,49,16,41,21,31,23,16,20,22,15,11,27,17,24,49,13,47,49,15,47,19,26,48,35,13,48,15,42,39,49,33,19,19,37,33,42,25,49,12,13,27
11,25,31,35,14,26,31,34,45,35,32,26,17,15,40,24,45,50,12,20,24,49,36,44,33,37,24,17,46,14,40,39,49,30,44,15,16,49,27,25,31,45,41,20,47,30,46,13,34,23,25,34,38,31,11,16,44,43,47,38,50,36,27,11,23,39,18,26,38,15,37,42,15,16,47,27,32,49,27,45,39,20,19,12,35,22,50,21,16,19,15,35,14,42,24,19,24,40,31,49,24,26,26,26,29,31,41,26,44,18,49,14,20,37,23,31,12,12,36,19,31,21,31,15,39,16,39,23,48,21,10,39,49,49,38,41,42,38,33,17,10,14,40,34,20,46,29,19,43,31,49,25,18,20,38,13,28,14,49,10,44,32,32,11,28,28,15,21,13,17,28,33,43,33,43,42,47,48,48,38,16,50,31,33,21,14,35,23,17,32,45,31,33,26,39,29,38,30,12,17
37,27,37,47,40,39,44,45,15,31,31,21,40,23,23,36,25,27,42,16,32,31,12,43,43,39,42,18,20,48,42,43,11,36,42,36,43,12,14,16,16,11,46,22,14,22,20,22,27,32,12,46,46,16,15,18,42,18,45,39,34,40,24,20,38,24,16,33,26,19,25,22,49,48,42,27,31,25,38,34,16,48,40,11,41,29,50,37,18,15,41,10,22,11,17,18,23,30,44,24,12,36,42,30,30,13,36,12,48,17,41,43,38,44,14,29,11,46,19,21,13,47,41,36,20,23,23,48,12,48,16,33,13,39,13,30,15,40,39,14,47,38,48,33,10,13,39,40,10,27,26,16,38,32,50,29,43,49,45,33,14,19,20,39,24,44,22,29,30,25,41,35,42,27,16,32,19,21,42,23,30,27,30,50,47,31,34,41,31,46,35,47,50,40,15,27,43,41,45,12
10,29,16,11,49,33,10,45,41,48,42,21,41,32,19,42,35,15,35,37,38,42,18,23,11,15,24,12,38,49,16,41,34,46,17,28,45,49,12,45,29,44,24,16,45,35,13,47,14,19,39,47,48,41,48,15,35,10,21,40,36,36,45,26,23,36,34,17,45,24,43,43,37,25,43,30,12,49,41,13,14,48,36,38,49,13,13,48,11,42,23,39,13,13,40,41,34,45,22,27,33,23,35,13,21,35,31,14,17,36,15,18,31,30,24,44,11,33,23,35,14,19,38,45,39,36,41,25,18,19,17,31,35,32,11,44,34,44,31,37,42,29,30,19,41,28,39,48,16,42,46,17,16,49,37,13,24,33,44,29,15,19,29,28,36,46,15,41,47,44,24,11,21,25,24,46,24,22,43,15,10,32,16,29,23,16,23,22,24,32,47,15,32,27,24,44,33,21,29,27
19,25,39,37,29,19,15,23,14,42,20,43,34,29,41,32,18,35,21,35,22,43,12,19,40,39,43,49,24,23,42,29,46,12,38,40,49,49,39,13,36,48,38,30,47,10,28,35,13,50,30,40,25,27,28,47,43,42,30,46,34,19,21,19,48,45,14,30,40,37,14,39,11,49,32,19,45,16,41,10,31,18,44,44,21,41,41,45,31,28,15,37,17,13,12,31,35,42,34,38,29,46,25,47,49,20,38,39,37,15,28,22,12,26,39,45,23,26,39,39,32,31,17,30,46,24,40,25,37,47,11,35,22,21,43,19,30,31,15,30,47,21,11,49,27,33,25,20,20,13,26,36,18,46,38,12,34,35,46,14,25,46,12,50,43,17,18,15,31,20,21,18,33,45,35,30,50,17,45,26,19,46,48,16,28,12,28,25,28,20,50,41,26,43,40,47,33,25,39,12
14,46,23,31,43,50,35,41,12,14,21,16,16,23,45,30,18,36,23,43,17,11,23,13,43,27,50,20,49,38,10,30,30,33,48,31,21,34,40,13,27,48,33,26,41,25,20,20,47,15,43,16,23,49,25,19,27,22,26,33,21,20,30,15,45,49,32,17,33,10,49,48,26,14,48,14,44,25,13,23,10,14,21,24,37,11,21,49,38,44,47,40,20,12,12,14,14,22,42,35,10,46,25,40,42,47,21,32,46,24,38,41,16,48,26,25,50,48,11,13,28,44,41,18,40,21,49,22,39,13,20,40,26,12,21,12,49,49,30,48,28,25,41,18,34,18,15,15,38,45,31,35,46,18,17,18,29,22,25,13,27,12,14,48,25,34,46,28,15,11,23,45,14,12,21,11,18,21,20,32,47,45,22,47,20,39,37,16,21,34,16,47,21,35,31,22,27,39,35,47
39,50,43,47,26,13,11,39,30,40,14,28,22,19,31,31,18,38,19,11,48,39,25,36,21,43,27,12,49,21,40,26,33,42,12,36,23,30,16,48,11,26,24,30,46,34,48,31,34,47,11,22,39,14,37,30,16,32,44,29,47,41,33,37,37,20,25,47,26,19,32,37,46,20,45,15,15,37,18,27,44,36,30,31,19,12,14,40,22,44,12,40,20,48,43,17,44,44,15,47,31,24,31,14,23,39,14,11,28,18,25,20,19,16,13,19,46,33,42,41,13,12,11,33,13,40,21,28,42,24,16,12,37,29,26,39,31,31,16,21,14,10,36,33,31,49,11,44,18,20,25,35,29,36,18,11,19,38,27,20,19,19,36,26,41,13,26,14,20,35,48,25,35,41,20,34,48,11,19,43,20,21,15,36,29,39,47,48,41,25,32,21,25,45,44,47,12,14,35,10
11,36,42,24,41,25,33,14,24,13,38,25,22,49,47,39,24,24,29,37,43,26,20,41,25,39,19,49,14,41,42,44,21,50,19,33,20,39,34,26,37,26,38,39,29,16,33,47,33,25,26,46,47,43,24,32,36,48,15,41,29,45,47,31,49,28,44,45,13,34,30,34,13,15,47,48,18,35,46,16,48,32,41,11,16,35,33,21,46,21,38,35,25,31,16,31,42,11,12,41,27,30,32,37,47,30,22,15,10,44,10,25,14,12,21,19,36,37,27,38,32,24,30,19,10,43,22,32,17,20,44,14,21,38,46,49,29,36,20,26,17,44,48,31,31,33,15,32,42,43,22,49,15,37,36,14,12,38,20,14,27,10,35,39,33,30,30,46,48,21,35,38,35,45,46,25,49,31,37,18,38,17,43,19,41,39,23,21,45,26,12,38,25,30,15,27,11,14,39,47
23,17,16,11,42,34,43,42,18,45,27,16,49,29,26,48,34,44,47,22,42,12,24,38,17,33,26,28,22,28,27,18,46,19,33,28,20,23,48,14,20,29,22,39,18,25,36,19,34,19,23,44,27,37,20,39,45,21,11,38,12,28,41,23,45,33,18,45,31,12,44,25,35,47,50,40,45,27,41,11,38,21,16,39,15,42,48,20,11,46,46,20,14,48,48,39,30,23,25,21,19,45,21,29,13,47,30,47,38,21,38,12,38,20,16,37,45,47,36,30,22,19,48,21,37,39,44,49,11,50,42,28,48,32,50,34,43,40,23,28,24,31,34,35,46,23,37,27,23,44,29,22,29,20,43,34,35,42,11,15,33,50,21,36,22,20,36,30,20,20,46,30,13,27,16,45,19,39,38,31,13,13,47,24,12,15,46,12,21,30,36,43,34,25,34,12,30,26,45,16
44,18,35,25,22,13,26,28,22,19,12,17,16,46,47,15,27,39,20,48,43,17,32,34,45,18,17,11,38,22,30,11,22,11,42,24,17,44,24,49,29,36,38,11,24,19,36,18,32,29,42,33,28,16,21,30,31,42,12,14,30,17,39,32,14,37,23,47,17,45,29,19,36,31,38,27,21,18,41,18,46,27,21,26,25,36,21,48,20,15,32,19,31,42,14,10,22,20,11,19,36,12,18,20,34,11,22,17,19,17,19,40,50,32,41,44,22,36,24,16,39,32,27,17,15,46,27,21,25,47,21,20,45,27,47,38,18,16,46,21,21,13,15,49,50,35,28,16,31,16,24,15,14,18,22,30,42,20,23,21,26,33,30,46,21,25,37,41,38,35,22,42,46,13,21,19,30,42,17,28,29,43,49,48,48,31,20,50,13,47,25,15,24,34,13,31,17,29,38,35
28,19,40,40,13,42,18,27,34,17,46,17,10,46,16,20,19,43,47,25,14,48,14,37,50,30,43,36,16,40,11,17,19,33,42,19,39,21,24,42,37,39,45,32,22,27,39,25,21,21,47,34,45,44,36,42,31,40,34,42,13,48,31,30,16,12,15,26,35,29,11,21,27,19,44,29,32,18,33,35,48,15,32,32,13,37,42,42,48,38,47,48,41,12,45,20,11,35,46,27,46,32,42,36,22,13,43,14,39,12,18,33,26,35,41,25,16,38,23,33,41,11,34,14,47,38,45,22,49,44,37,45,44,37,33,27,39,23,40,14,37,12,21,48,37,14,41,36,31,36,25,36,29,27,34,39,15,33,33,23,42,17,24,41,36,47,27,20,43,49,18,23,26,12,23,30,15,11,20,33,25,41,40,21,35,36,23,25,40,16,34,22,23,45,25,20,34,16,18,17
40,27,45,27,25,22,24,30,34,36,15,16,40,16,47,25,40,23,40,37,13,24,39,42,13,16,29,11,49,28,33,12,12,37,30,23,14,19,49,16,38,21,27,21,21,31,39,48,28,23,39,21,38,22,35,24,19,25,47,19,16,48,48,19,34,35,36,15,38,14,17,18,27,50,13,36,18,13,41,17,36,44,11,32,24,37,39,12,14,18,19,40,39,33,26,27,17,48,39,15,28,48,26,48,46,18,28,38,44,12,37,43,23,23,28,13,49,42,13,13,17,37,48,36,15,45,16,45,39,33,36,28,17,47,23,40,27,27,18,34,12,12,37,25,15,16,42,21,46,16,26,25,36,12,14,48,27,20,11,46,36,46,25,14,46,29,18,34,21,44,39,42,34,22,43,13,30,41,43,24,34,36,29,10,40,38,28,41,23,27,24,37,23,34,39,40,43,39,29,42
16,35,45,26,11,29,41,41,11,20,15,30,18,26,15,34,47,35,25,36,39,13,37,48,13,17,20,45,43,30,13,40,48,12,17,18,11,11,49,50,22,33,39,40,27,37,49,43,38,41,40,21,35,40,17,13,36,24,37,23,45,25,16,33,17,23,34,38,23,43,23,17,33,47,43,41,41,31,21,21,49,48,48,22,30,25,37,11,16,45,12,22,20,33,16,15,39,25,32,41,49,13,16,27,42,35,36,32,33,34,13,28,35,46,16,36,11,29,13,25,37,45,26,12,42,11,34,28,22,30,22,30,44,22,17,34,28,13,14,39,18,11,10,49,23,27,21,49,44,41,21,38,24,30,33,15,39,43,47,37,10,40,33,50,12,13,18,18,19,11,23,38,14,33,11,16,36,49,25,47,44,33,24,19,20,34,27,34,25,44,46,30,45,29,23,11,32,49,16,31
18,20,21,39,28,34,38,29,11,49,26,18,11,45,33,38,19,42,31,30,16,44,11,32,36,32,24,39,30,32,15,22,41,45,31,39,45,43,31,46,31,44,19,49,13,15,43,38,41,35,18,46,40,34,26,41,39,43,31,26,18,41,23,13,39,46,36,24,21,41,23,43,43,12,26,18,35,28,30,24,27,16,14,39,18,44,13,17,43,46,48,29,45,15,42,36,11,33,43,27,14,25,15,14,47,17,49,21,49,48,20,32,20,16,43,45,20,14,27,18,33,23,16,18,37,40,44,18,34,12,49,34,41,23,49,42,50,31,27,24,46,38,18,49,42,30,11,20,43,11,30,49,34,48,39,37,36,22,32,47,25,47,49,39,47,29,20,19,36,28,11,46,50,24,31,11,48,28,41,43,41,32,16,21,25,14,45,34,29,19,49,35,46,29,28,47,45,12,11,21
34,26,24,44,36,44,21,26,41,40,21,45,42,38,22,18,47,18,11,24,37,40,27,43,45,25,49,24,28,27,48,30,12,10,27,28,30,10,26,23,41,29,38,30,47,42,30,30,47,35,17,47,27,18,39,14,31,16,15,36,42,26,39,47,18,34,11,34,31,10,21,49,14,42,40,21,34,27,48,20,21,12,28,11,11,46,27,27,36,46,12,17,23,40,44,12,33,36,24,47,44,17,46,31,41,43,22,43,29,37,33,48,28,26,15,19,39,36,49,46,24,20,47,33,24,24,14,24,29,47,24,40,16,23,30,25,20,39,19,45,23,19,35,28,34,43,21,25,39,42,16,49,34,42,12,46,31,39,29,21,35,27,15,15,45,42,48,48,16,41,37,27,48,11,33,41,33,48,38,45,38,26,20,15,39,49,41,30,31,26,14,30,33,29,47,26,14,34,30,39
17,12,14,28,35,19,19,22,33,26,13,44,26,38,35,20,24,44,45,38,29,31,38,26,13,25,25,32,44,30,36,47,48,40,24,32,16,29,37,42,46,19,17,42,29,40,15,30,43,13,34,22,19,32,26,23,14,20,20,23,23,26,29,10,37,33,24,49,20,13,15,18,29,29,24,18,24,36,35,20,17,12,33,13,25,29,31,39,33,20,16,46,32,17,37,14,18,46,31,37,14,26,19,29,38,29,29,14,26,34,30,49,29,15,13,19,33,37,29,48,43,26,32,35,47,20,32,23,37,39,28,41,25,11,45,47,34,42,36,34,20,21,19,19,12,16,49,35,34,28,26,34,48,30,41,46,16,34,40,24,47,19,38,21,23,48,26,13,47,34,42,34,30,11,46,11,24,44,38,31,17,26,45,18,47,42,26,13,38,34,38,14,49,34,48,48,16,28,30,46
28,29,21,36,37,41,29,42,40,23,34,39,46,45,44,11,31,47,45,10,43,42,34,13,49,19,48,42,32,42,40,29,12,24,48,39,43,23,34,28,26,14,11,23,28,25,14,42,37,46,30,47,38,21,29,32,14,16,39,34,17,13,18,16,25,38,35,30,40,21,40,12,50,39,34,47,23,42,16,35,15,38,33,15,17,19,42,16,29,42,39,22,48,21,34,14,11,36,33,11,29,34,20,36,16,41,11,19,46,23,22,32,11,19,33,19,50,45,40,20,33,36,28,41,37,36,39,17,41,20,46,14,38,27,25,27,26,35,26,39,33,42,14,31,24,21,17,38,17,27,18,41,14,21,23,42,20,21,49,32,18,24,24,15,19,24,22,15,48,19,20,26,25,41,30,44,49,24,48,46,18,35,29,13,50,28,26,13,15,20,36,30,45,34,34,45,45,11,48,34
11,49,25,34,31,42,35,33,13,28,16,19,38,15,29,25,35,24,33,30,15,13,25,33,36,41,45,40,16,17,48,49,15,13,11,47,30,37,37,28,12,24,36,20,47,19,44,40,34,41,18,31,30,33,24,21,49,22,41,15,46,12,19,40,33,45,26,27,32,29,38,28,38,34,45,35,21,37,13,28,43,15,47,11,23,24,47,41,16,27,18,29,36,32,25,11,29,22,24,14,47,41,30,49,43,34,28,21,23,22,40,39,25,38,35,24,24,17,18,41,29,41,28,34,41,49,45,12,41,31,30,17,42,34,13,38,21,35,37,28,13,25,47,21,11,24,46,16,20,45,49,30,18,10,32,50,13,32,14,32,13,31,38,13,18,17,11,42,36,38,12,17,31,12,45,26,30,41,28,25,40,16,25,41,46,22,14,16,28,13,38,34,31,30,27,42,15,26,40,26
23,49,18,34,11,37,33,18,21,44,23,35,49,40,11,49,42,38,33,26,45,49,44,34,39,28,42,46,50,24,32,17,11,18,34,19,45,30,19,41,33,27,27,35,47,31,45,34,49,45,40,20,48,46,21,28,29,47,18,40,24,39,10,43,27,47,50,47,38,14,36,15,36,40,32,25,13,41,21,11,42,23,30,33,23,33,38,15,27,48,26,43,41,37,42,25,28,39,31,39,23,48,11,13,35,13,36,26,34,14,31,16,25,19,10,31,30,30,47,31,47,17,42,45,22,18,37,45,41,23,47,25,48,16,42,29,43,13,14,49,11,36,35,25,33,28,29,24,32,45,17,10,14,13,40,11,17,32,29,37,31,21,32,41,26,18,37,30,19,23,46,21,24,36,47,33,34,44,10,47,22,17,12,47,26,34,38,37,43,37,24,26,40,23,44,40,40,31,25,13
27,35,41,28,29,42,41,47,41,47,27,15,38,38,39,24,43,13,15,24,14,50,28,28,36,45,31,39,38,37,21,20,41,40,23,47,43,35,36,18,21,28,36,12,22,41,14,20,39,19,26,43,49,16,46,41,17,11,45,14,11,15,29,28,50,50,16,23,44,28,15,12,18,44,32,38,44,27,17,25,40,20,27,19,40,28,14,39,37,26,14,24,33,38,44,29,42,48,33,31,37,41,34,34,16,49,25,18,24,37,46,44,42,40,49,28,18,21,43,42,28,10,15,35,49,48,40,40,32,40,43,45,23,32,12,44,15,15,11,38,38,18,28,27,14,33,43,23,14,27,30,22,23,19,11,43,17,21,27,11,14,37,25,30,35,46,32,24,34,22,30,45,21,17,38,43,20,19,22,28,45,26,26,35,23,15,49,44,45,17,23,20,42,49,36,45,11,48,24,20
