31,47,40,12,13,46,13,9,22,20,12,35,8,30,31,13,43,29,8,22,8,11,15,37,22,11,48,12,30,33,25,26,16,21,13,10,15,21,19,5,24,32,5,36,43,30,36,20,15,15,17,42,27,45,37,22,10,15,46,32,12,16,8,9,21,45,26,43,49,48,33,46,36,43,19,16,30,38,49,40,28,33,30,8,31,36,43,27,24,46,33,6,20,15,21,48,20,44,10,39,38,17,17,36,37,13,25,43,47,32,43,34,43,21,35,27,24,29,40,49,16,49,7,20,18,16,25,9,49,27,49,31,26,19,39,23,44,40,30,23,41,30,44,10,43,49,25,48,10,43,48,29,6,33,43,40,17,20,33,31,28,23,31,43,40,39,46,9,15,42,44,48,21,21,33,5,46,30,12,32,30,48,42,39,8,18,46,43,39,48,15,15,49,44,42,41,9,6,47,12
29,31,49,7,39,12,34,27,6,22,49,34,16,15,31,28,7,21,21,19,19,47,13,15,10,11,18,12,29,37,44,26,45,31,5,17,18,10,31,33,7,11,42,36,7,13,24,25,20,33,33,24,44,27,34,32,29,42,37,20,44,35,28,19,21,32,41,10,14,38,47,44,25,35,20,42,49,38,14,37,39,29,38,17,48,14,44,7,41,44,31,45,46,39,27,36,29,22,22,7,45,19,42,8,17,46,27,27,40,19,30,41,37,48,43,23,33,34,14,26,42,20,37,27,37,19,14,13,46,23,20,25,32,49,30,39,36,40,13,32,20,31,18,26,16,10,14,50,45,20,30,13,9,32,22,12,28,23,36,47,34,12,28,19,38,19,49,31,48,38,18,17,26,9,38,32,39,22,12,39,12,41,31,12,42,31,12,36,46,25,26,21,27,30,42,47,35,33,43,40
15,41,38,49,31,39,43,12,40,33,34,5,38,49,26,23,39,38,22,30,19,46,27,9,15,16,46,43,43,37,7,40,10,47,5,23,35,16,38,20,32,29,36,15,47,41,49,16,49,33,10,49,44,7,37,21,35,31,41,44,35,39,28,37,29,12,15,38,26,6,44,18,20,38,35,31,24,42,49,9,46,32,6,42,46,24,29,41,48,36,45,29,33,12,29,26,27,17,42,30,12,33,25,17,36,35,9,18,7,40,7,29,32,43,34,31,37,31,33,27,49,16,34,40,5,45,35,16,5,32,23,23,15,31,16,50,5,10,37,22,21,35,26,26,8,50,34,49,28,41,35,35,9,7,33,37,19,17,36,35,33,37,10,27,37,12,23,19,6,43,19,12,12,15,39,14,35,12,22,16,6,32,23,27,41,47,18,19,6,10,31,9,30,27,15,9,38,26,8,46
48,47,26,28,33,18,47,14,31,38,6,38,27,8,18,46,20,37,13,31,11,34,37,9,25,27,37,30,49,11,43,48,20,32,31,15,49,39,45,47,25,21,33,44,20,43,24,19,41,7,37,12,42,41,24,38,26,26,23,43,32,15,17,17,27,44,20,27,30,15,13,25,8,17,14,18,10,15,19,50,31,29,46,20,34,27,8,25,31,42,35,40,15,36,27,39,25,27,29,50,35,16,47,46,41,8,33,27,8,34,39,25,21,41,32,46,7,37,7,30,34,41,16,19,21,30,32,43,34,18,34,27,26,13,41,35,20,32,37,9,8,12,19,16,38,29,37,47,10,25,26,26,17,22,21,49,25,47,21,46,34,9,7,9,6,24,27,37,11,40,38,47,27,27,9,48,21,32,41,43,16,38,21,23,23,14,9,12,31,19,16,42,10,28,45,30,23,18,35,9
18,19,40,36,46,29,48,45,17,31,38,23,19,21,13,48,37,41,33,15,17,24,28,24,33,13,48,35,10,20,10,12,36,42,41,34,30,25,39,43,26,37,44,48,45,47,47,49,38,41,26,29,17,31,8,33,23,23,40,31,44,6,36,34,34,26,31,21,18,49,40,18,15,26,35,28,11,25,47,8,19,26,15,20,40,17,20,39,5,9,40,13,49,26,9,44,17,39,12,45,35,29,45,12,27,45,33,39,32,40,22,34,46,42,39,24,23,44,15,47,13,20,41,32,35,11,44,11,46,7,38,43,27,39,47,35,33,14,31,46,12,25,43,42,19,9,42,12,18,41,20,41,6,6,36,43,24,45,18,39,39,14,9,32,31,17,11,30,13,42,12,32,30,43,47,25,7,28,21,5,42,22,32,30,22,36,41,18,7,48,15,9,19,25,28,33,8,30,17,49
10,42,13,23,49,11,5,13,6,14,50,14,50,22,43,43,25,33,41,30,16,24,26,17,45,26,5,38,29,40,31,33,18,10,7,30,41,6,19,45,11,33,42,30,24,20,33,34,33,10,49,41,6,35,42,36,20,43,9,32,44,26,16,27,11,41,40,5,10,24,49,13,24,49,37,6,13,48,48,18,23,7,7,46,36,30,48,24,32,33,14,33,29,6,12,39,48,47,13,18,43,49,37,37,22,21,32,35,30,28,31,44,20,21,13,11,30,24,9,21,26,21,34,35,40,12,28,20,44,34,43,29,48,6,22,35,20,37,33,16,23,10,17,30,23,29,13,38,47,26,30,46,27,48,20,39,37,29,35,14,38,21,35,29,16,46,45,9,12,47,41,36,12,5,18,28,16,21,15,42,44,21,19,35,44,36,36,32,13,47,12,39,36,16,14,43,45,8,18,31
47,17,41,35,16,38,27,9,6,43,21,9,44,11,48,18,18,7,13,23,43,12,11,9,25,34,12,48,31,22,44,31,26,12,47,17,47,29,27,17,17,13,8,40,24,28,27,35,15,38,25,22,49,22,47,9,16,27,44,18,31,15,9,46,45,20,17,41,43,23,48,15,22,12,35,8,19,10,46,30,11,22,12,16,42,38,46,48,35,49,32,8,41,48,11,29,23,21,47,14,7,9,25,8,27,15,27,11,10,27,16,38,25,30,17,38,31,20,48,14,31,42,43,44,24,11,18,21,42,25,43,23,34,7,34,16,19,9,22,32,19,29,11,44,17,32,49,25,38,49,17,15,10,46,22,26,7,48,49,36,34,46,34,24,17,43,16,25,15,33,37,22,28,23,36,49,39,20,39,28,23,18,38,14,6,30,41,45,39,29,31,6,24,28,40,43,40,17,31,40
34,47,38,32,30,33,49,26,48,47,39,33,47,44,39,27,42,30,20,34,39,47,5,15,31,9,29,37,17,29,10,43,5,25,16,8,41,26,19,27,14,27,11,38,31,20,44,19,14,25,10,32,23,24,5,22,27,15,24,24,43,27,17,12,11,20,24,13,40,7,14,27,7,13,8,24,26,10,10,31,36,46,48,14,15,16,11,32,12,7,12,14,28,35,40,41,16,44,18,11,48,10,38,7,20,28,36,35,6,30,9,19,46,30,48,33,46,13,8,42,42,42,13,5,44,29,12,13,42,8,39,44,36,7,14,49,15,41,36,17,30,27,23,38,17,14,20,10,22,40,24,7,26,30,17,39,29,44,39,18,38,44,12,30,46,10,33,19,9,19,27,39,14,20,42,26,49,27,41,9,10,39,36,30,47,46,29,45,45,7,14,12,18,41,5,50,24,35,14,36
38,21,46,27,12,14,24,21,34,39,49,23,34,34,14,30,22,37,47,7,40,15,39,40,17,46,21,17,6,39,50,15,24,18,17,23,47,47,47,34,48,19,43,42,28,20,22,23,16,32,28,14,12,42,6,39,24,24,7,30,18,29,6,38,21,27,34,6,21,37,37,21,50,43,44,34,36,50,36,19,47,6,31,5,23,11,42,36,43,8,37,30,30,27,20,24,11,33,31,31,37,19,24,6,19,17,33,17,19,46,6,10,19,28,28,24,30,7,35,22,36,40,14,30,29,23,28,35,13,47,36,28,48,37,12,8,15,22,22,23,27,6,41,40,46,48,27,34,23,47,40,17,26,17,37,6,16,35,27,20,40,22,49,30,21,40,37,50,47,45,44,20,26,32,9,38,9,6,41,41,29,15,46,22,23,34,46,23,49,19,42,44,45,11,46,22,23,30,31,49
5,49,7,33,45,47,11,6,50,11,28,47,31,14,8,21,32,22,43,18,47,45,35,9,20,33,43,45,11,18,21,20,12,23,49,47,32,46,26,7,36,24,30,8,22,48,16,33,37,20,29,41,19,23,9,25,27,17,45,33,28,30,43,47,7,34,47,11,21,49,7,39,5,30,22,11,47,29,38,28,31,26,42,11,26,32,12,29,44,9,50,23,27,9,24,36,10,7,18,29,21,15,28,49,28,10,47,42,43,19,24,23,22,9,41,29,40,20,49,34,10,11,8,6,40,33,45,18,21,35,5,42,16,14,34,24,16,15,12,10,36,25,19,42,47,20,46,28,37,16,39,36,32,13,47,22,47,20,47,36,8,5,35,45,13,48,36,22,13,40,8,10,21,32,33,12,37,38,21,27,48,8,15,6,49,10,48,30,23,7,42,48,46,25,39,29,39,28,19,34
32,46,28,20,47,20,37,19,45,26,21,23,17,6,35,17,43,16,40,38,42,19,27,42,35,8,41,9,10,40,23,40,43,47,37,28,18,44,32,48,41,21,6,7,44,23,27,22,12,31,14,10,45,45,40,9,28,21,11,30,27,17,27,29,28,47,39,14,42,21,24,21,19,43,5,11,31,27,48,37,34,20,27,25,15,15,25,33,7,10,14,20,17,44,6,24,47,24,16,13,5,49,24,42,12,43,28,35,15,33,7,22,10,28,44,26,38,14,41,19,37,18,33,29,41,38,17,42,11,49,30,8,26,44,48,50,31,32,47,5,36,32,45,32,12,29,43,42,12,48,31,22,19,33,47,33,26,40,43,36,40,8,36,6,11,12,13,23,11,27,8,38,40,30,47,32,17,43,22,35,7,20,7,33,20,7,44,6,13,19,27,27,33,33,46,45,32,13,7,34
13,30,49,22,33,48,18,17,26,35,30,44,31,19,47,40,10,34,15,20,50,20,34,21,47,16,30,12,39,19,28,19,37,19,48,23,46,9,29,47,37,48,42,25,9,32,7,24,33,33,20,42,33,42,50,47,35,35,5,5,44,22,44,26,18,34,30,44,26,42,32,31,31,36,49,48,38,39,13,29,45,6,38,41,44,21,11,6,47,43,19,49,25,27,31,37,13,10,32,12,25,42,30,42,26,9,11,11,12,42,34,9,8,30,14,32,44,15,30,44,48,47,43,43,10,45,31,23,5,11,50,8,7,11,13,34,11,46,41,23,13,12,44,29,7,46,19,6,16,6,41,44,46,26,41,30,24,34,19,12,39,23,48,33,44,11,49,49,20,32,39,43,27,48,40,12,12,48,32,28,38,8,10,11,44,47,8,6,37,34,16,43,16,15,28,28,46,17,50,16
16,37,48,29,38,12,38,48,42,23,50,37,6,21,31,39,50,41,11,14,14,9,47,19,15,39,7,49,27,29,17,12,49,19,21,37,31,45,6,28,32,44,35,38,36,25,20,35,46,12,15,9,16,18,28,20,44,18,11,42,34,28,17,17,12,35,41,12,7,13,32,39,20,12,12,38,46,25,34,44,28,46,33,43,5,14,35,49,16,39,22,21,20,36,15,13,39,47,49,11,6,36,47,44,18,38,8,23,5,45,33,8,22,18,27,22,27,27,35,44,9,25,8,16,47,38,20,8,37,43,7,37,19,12,47,40,29,14,32,15,13,18,10,50,35,33,19,32,27,9,46,20,40,46,12,27,34,6,19,7,25,12,7,24,12,48,6,12,40,45,17,41,12,35,9,49,44,11,37,45,6,23,35,7,47,24,39,38,39,40,32,9,31,39,17,38,27,43,50,12
39,13,35,40,22,20,10,40,29,42,38,16,40,25,22,31,46,25,40,25,10,16,5,38,28,33,27,42,18,23,12,21,37,35,27,34,32,45,31,24,33,27,15,23,42,46,35,46,46,49,37,25,15,28,50,10,39,50,49,29,26,5,39,26,15,17,34,31,48,28,36,37,10,19,8,35,43,24,20,29,10,16,28,15,23,44,50,36,32,11,48,35,40,40,24,38,39,29,39,35,48,23,24,30,44,19,25,7,34,24,32,10,26,25,38,29,32,21,44,28,6,35,44,38,20,46,22,29,45,26,25,17,25,43,18,11,13,38,34,39,22,9,19,5,8,49,16,15,7,14,14,28,34,46,32,11,39,10,18,39,20,9,18,13,25,48,12,33,31,35,23,38,22,22,25,6,30,13,48,43,31,45,43,38,9,39,26,11,5,39,32,50,34,7,41,30,13,25,24,5
10,30,15,14,6,35,14,13,38,42,44,25,12,8,9,20,21,17,6,48,13,15,38,31,5,31,9,48,46,36,27,20,40,35,13,31,9,35,43,29,48,49,24,24,30,29,25,20,26,39,29,24,38,47,23,46,32,48,6,34,12,8,23,43,31,37,47,43,33,26,14,7,48,5,10,33,24,46,37,25,38,25,50,39,29,31,24,42,35,19,27,21,46,14,11,27,27,16,5,27,32,24,6,33,15,11,24,50,37,37,48,19,41,11,10,17,19,19,38,26,12,29,22,43,16,16,25,10,39,29,40,36,9,14,48,9,44,32,31,40,17,41,29,29,18,9,12,10,47,6,35,50,14,30,10,35,31,37,10,33,45,43,30,23,35,18,37,31,20,45,7,17,49,14,13,23,28,28,18,39,25,38,48,41,11,14,32,18,28,23,42,46,26,17,37,8,17,30,46,44
13,15,17,38,12,46,17,18,37,19,32,48,15,26,34,32,11,33,41,48,34,14,15,31,19,6,46,9,16,47,26,41,40,26,36,18,17,16,25,18,20,6,29,42,8,38,45,28,38,29,7,48,9,20,25,39,32,26,40,23,17,31,19,7,50,38,25,16,42,46,50,44,44,36,16,38,36,35,17,38,45,16,16,38,33,46,13,48,10,49,40,48,24,35,34,25,29,39,20,41,27,31,47,27,23,17,14,15,27,32,11,32,15,10,37,22,25,42,23,10,10,40,26,15,6,36,30,47,27,21,17,38,22,19,44,23,21,41,26,7,25,37,15,41,37,13,37,16,15,41,50,12,10,14,10,10,21,8,22,30,46,22,35,34,11,40,33,26,12,21,34,19,13,33,7,7,42,25,13,32,29,28,31,33,41,34,34,44,44,27,5,13,19,50,44,27,43,37,39,24
23,11,48,12,8,22,8,21,26,8,47,21,42,30,14,11,44,12,41,39,40,10,34,9,48,28,17,37,43,7,47,36,8,37,34,11,37,29,42,26,24,36,47,9,6,32,27,9,21,42,47,17,22,16,45,36,30,36,24,8,36,38,42,44,35,42,14,17,24,35,21,14,26,16,28,7,49,43,17,36,40,18,48,33,8,36,34,16,13,42,18,23,10,13,9,21,18,50,10,41,44,22,16,46,39,46,44,29,47,10,33,35,27,19,19,22,17,32,44,46,10,9,13,39,6,24,47,24,45,44,42,36,41,27,18,15,6,17,28,23,20,9,44,6,41,26,19,39,32,15,18,43,41,28,29,40,48,32,14,47,16,17,48,29,32,37,22,17,15,48,7,25,8,12,34,43,24,50,33,23,6,9,38,23,31,24,26,9,26,19,28,49,27,41,49,12,31,20,19,33
25,46,23,31,37,21,35,34,18,37,8,21,43,11,6,18,34,9,30,45,44,36,25,33,37,35,7,21,42,46,46,24,33,18,23,33,44,12,6,12,5,7,6,10,48,32,25,11,11,7,46,49,13,35,45,17,45,20,50,7,29,36,44,23,41,31,46,49,29,26,14,26,49,26,10,41,32,6,23,19,30,44,24,26,12,25,31,13,42,47,20,47,27,32,45,41,6,38,28,47,49,13,30,46,42,23,20,11,42,12,25,13,21,42,38,29,13,38,12,25,46,20,26,47,28,12,42,49,10,34,18,46,44,14,45,44,26,15,19,43,35,41,32,23,18,8,34,28,30,31,27,20,35,27,25,34,42,40,6,14,49,44,28,14,13,14,21,36,35,30,45,35,16,26,28,27,46,13,6,44,43,49,28,26,24,19,22,18,20,19,20,6,40,27,14,41,41,11,46,10
15,20,6,28,33,48,14,45,34,41,26,22,15,28,48,7,43,43,9,48,13,34,20,12,17,40,8,9,45,47,22,39,15,14,9,29,34,26,43,41,6,19,44,40,19,14,10,14,35,41,8,35,23,30,33,32,44,33,46,40,12,37,27,43,40,47,12,40,34,37,7,43,8,29,10,34,39,45,23,13,15,14,42,7,24,43,19,29,12,35,11,29,36,46,23,31,40,12,35,10,13,40,34,31,32,20,38,10,16,24,24,38,41,31,42,22,25,46,19,5,9,7,41,8,22,43,17,28,9,37,18,7,33,8,7,28,13,6,47,46,17,43,14,11,42,10,34,47,8,19,43,44,44,40,9,26,11,30,45,19,28,12,25,28,14,14,8,43,38,31,45,11,38,17,8,21,22,11,25,19,44,10,12,13,15,42,31,5,41,12,10,44,35,29,38,34,46,21,18,43
16,37,29,26,6,8,37,39,26,20,32,12,44,7,13,10,24,9,45,35,7,7,41,35,32,21,25,35,46,39,49,30,36,45,46,34,9,27,47,27,40,7,32,26,39,19,27,29,17,27,30,41,43,48,19,21,32,21,14,15,12,46,26,12,34,24,41,16,7,20,49,8,23,9,11,49,23,38,13,12,39,39,31,45,19,42,22,45,17,31,8,19,29,22,27,25,43,38,43,40,46,22,22,19,32,28,37,5,8,45,22,43,44,43,26,39,35,35,12,7,18,32,46,13,35,38,10,16,48,12,16,45,7,6,15,14,27,48,20,38,34,28,14,11,38,29,43,16,27,43,38,30,11,16,21,40,32,36,29,12,48,43,14,15,6,16,42,36,31,24,27,43,20,20,24,10,18,16,27,45,20,49,32,22,45,33,31,43,49,20,39,32,40,48,48,24,5,41,16,23
14,11,38,21,30,18,30,37,12,19,9,27,15,11,14,18,21,23,36,25,14,49,19,18,47,32,13,17,16,42,42,26,25,7,23,29,50,38,26,38,11,26,7,7,10,38,14,20,47,18,6,43,39,19,10,9,38,45,42,37,22,10,23,31,48,23,22,35,28,29,16,44,33,6,34,49,20,10,39,22,8,31,17,6,28,49,12,47,35,23,14,46,31,13,21,47,20,14,38,11,17,29,27,43,32,46,6,21,48,46,32,7,41,48,34,42,43,11,44,11,44,20,48,21,48,25,15,32,34,17,26,38,7,12,49,36,43,47,42,9,12,16,42,23,10,37,33,28,39,18,14,7,41,39,6,37,29,33,14,39,31,7,35,14,50,42,20,13,48,20,24,6,42,42,21,15,22,44,37,17,50,27,42,25,44,20,49,24,36,39,15,10,41,36,45,25,35,8,13,23
23,20,20,26,40,18,32,38,20,46,8,44,26,38,32,43,35,13,12,50,49,7,9,16,40,35,10,8,33,5,33,21,47,10,30,8,18,17,31,39,12,17,13,16,44,15,49,45,29,33,37,48,41,29,48,32,10,25,33,11,39,28,38,27,13,35,10,13,32,14,20,8,27,28,35,14,8,30,42,36,16,40,26,10,36,39,49,7,32,24,47,38,44,44,14,14,46,12,9,17,31,43,38,27,10,10,6,41,31,17,36,47,24,48,35,34,24,27,47,40,18,19,46,28,48,33,15,48,29,20,43,7,8,29,44,38,11,11,42,36,37,6,22,36,9,38,35,38,38,33,36,46,9,36,11,9,13,21,19,32,50,47,50,15,12,12,38,22,21,29,11,13,41,42,9,30,16,8,37,38,26,38,49,42,32,49,20,37,22,42,30,42,22,35,49,8,47,15,7,6
14,11,6,47,16,44,48,47,15,35,6,35,24,26,48,5,33,7,46,33,7,7,25,47,43,39,47,26,44,50,46,14,37,37,26,45,45,48,36,36,6,18,29,17,6,34,12,33,47,18,37,18,8,47,7,32,33,46,32,28,35,10,24,48,33,6,13,27,39,15,8,41,47,29,25,10,28,16,13,31,45,41,37,32,42,18,15,11,7,44,15,24,49,47,42,26,18,19,9,7,33,27,35,29,42,9,16,31,17,7,15,26,44,38,26,16,31,43,42,5,26,6,8,27,36,24,6,41,39,21,10,8,48,34,26,36,45,43,22,46,35,17,23,50,44,37,23,16,44,39,32,11,29,14,39,15,13,19,40,33,19,50,25,45,19,45,40,47,47,19,15,25,25,32,43,39,7,27,44,35,21,37,38,26,40,33,16,11,38,35,35,37,46,9,22,27,43,27,46,24
9,14,34,30,29,23,45,47,48,47,14,42,36,19,15,18,23,44,9,39,14,29,9,20,46,10,15,48,17,36,45,7,12,17,47,25,21,10,45,27,50,42,5,20,10,37,5,6,17,16,27,18,24,11,12,9,49,21,43,50,31,37,21,21,19,43,25,12,9,16,9,38,21,27,26,13,41,9,20,24,40,39,36,41,17,27,44,19,20,14,23,49,35,14,41,49,32,10,27,9,26,25,46,47,17,15,5,35,27,21,24,19,32,36,17,9,13,38,8,24,50,31,43,30,47,8,13,11,18,14,26,31,25,30,46,9,47,43,8,31,34,8,45,27,7,34,5,45,16,18,49,46,42,8,23,9,39,45,11,33,38,50,39,17,34,20,34,36,11,11,14,12,49,16,46,12,49,49,16,19,19,40,45,8,9,39,43,31,47,47,21,14,50,48,14,25,18,19,6,39
11,32,47,21,47,46,22,44,35,47,6,49,21,7,34,49,31,18,19,13,19,32,49,26,23,46,22,40,14,24,39,16,28,42,29,9,12,21,21,43,50,40,37,44,42,17,18,41,14,6,48,12,37,41,19,32,9,9,29,37,17,23,14,6,20,45,31,44,36,14,26,32,25,42,46,22,40,10,47,26,21,20,22,19,13,21,21,18,17,8,6,8,30,20,48,46,25,25,43,27,44,25,43,25,35,8,38,22,19,49,41,28,14,6,40,34,28,24,43,34,19,43,15,46,43,28,37,11,40,41,21,28,6,45,27,39,40,27,34,22,6,10,12,5,37,24,27,36,13,33,38,15,8,38,37,19,25,19,5,50,7,31,21,46,32,10,18,35,6,24,5,17,16,42,22,24,47,13,36,45,11,19,35,39,25,7,12,20,10,28,13,24,13,34,41,18,33,36,41,26
20,24,18,49,20,35,13,9,44,23,34,42,25,18,8,10,48,49,41,32,12,31,10,37,20,8,41,25,6,42,10,33,29,43,43,15,49,16,35,45,42,36,17,15,24,9,32,23,8,46,17,30,44,31,5,36,19,45,17,12,25,31,24,30,22,9,37,31,26,17,6,20,28,6,31,28,16,23,40,17,37,47,28,39,36,38,17,18,45,9,36,5,25,47,40,39,44,45,49,40,30,42,15,31,6,28,24,39,7,31,14,38,41,11,36,23,27,13,21,22,7,38,35,27,25,18,46,33,44,23,49,18,15,39,30,33,10,18,41,43,35,8,18,18,6,40,16,32,19,10,39,30,45,32,6,28,30,29,16,38,28,31,31,36,41,34,37,17,18,25,42,15,7,32,35,14,5,21,8,23,17,37,11,7,19,36,36,14,27,20,21,9,26,16,37,21,15,33,35,19
36,5,11,10,7,29,8,39,39,33,36,14,36,42,16,22,16,21,13,20,43,12,28,41,33,27,28,12,47,37,42,23,7,36,6,34,29,17,24,14,17,36,13,8,12,23,39,24,27,24,41,31,36,40,34,34,45,36,41,41,17,12,18,9,7,21,37,19,50,27,8,7,21,11,48,48,48,31,12,36,34,15,26,45,41,49,37,7,38,38,27,25,13,43,14,19,28,13,14,8,13,45,35,28,13,46,14,32,16,48,34,15,32,35,34,37,12,46,36,15,32,36,35,35,20,12,24,17,45,29,50,44,47,30,16,49,16,8,19,14,26,14,30,7,10,14,30,26,45,10,29,42,48,44,38,20,37,25,40,16,43,46,28,14,17,49,21,12,10,23,47,40,17,13,5,5,33,40,14,50,22,44,16,42,5,11,25,30,33,27,46,33,23,21,44,40,14,50,14,46
39,43,30,48,32,18,17,12,8,27,25,38,21,27,31,12,39,35,22,40,17,7,40,23,21,37,44,33,24,39,39,19,45,10,34,16,43,47,42,23,14,21,46,19,17,45,43,7,40,45,43,23,21,40,31,44,27,40,38,17,42,7,23,39,25,45,24,9,41,41,27,40,40,14,45,22,36,26,11,30,14,28,13,32,22,13,18,28,32,32,15,11,18,14,49,35,37,6,34,45,45,14,46,45,24,16,25,43,29,13,37,18,41,36,31,32,21,43,17,33,11,31,29,48,17,13,12,44,23,29,44,13,14,13,21,34,26,17,49,19,39,20,38,44,7,38,24,35,35,8,50,11,36,33,36,19,42,24,12,41,24,23,42,43,28,14,43,43,7,33,28,41,46,25,40,12,20,32,32,7,50,31,5,44,25,30,22,17,20,22,6,10,36,21,15,15,6,34,43,5
12,39,7,27,33,21,21,11,30,50,11,34,23,46,40,13,39,33,14,6,7,29,19,37,32,31,36,38,22,38,18,21,14,43,24,15,32,48,38,25,40,11,26,31,49,40,33,24,40,19,31,42,36,27,28,31,15,17,9,47,28,50,32,12,7,28,41,32,9,22,23,13,35,7,38,46,47,28,50,47,29,6,18,21,11,12,50,23,44,46,11,32,39,5,49,12,10,28,47,39,16,15,32,40,37,33,41,38,40,41,8,26,7,25,26,14,28,9,24,37,9,27,20,18,46,41,23,27,7,33,35,27,17,8,25,12,6,15,12,49,13,14,29,44,27,36,26,44,35,43,20,45,34,19,29,44,9,16,27,6,28,35,27,42,34,15,18,38,13,40,39,8,12,47,43,26,25,27,48,7,27,44,23,29,37,19,40,23,8,12,25,11,47,24,35,8,5,9,22,17
36,18,31,36,15,5,15,23,20,44,33,21,33,8,40,32,35,30,42,40,27,40,8,23,19,46,29,48,7,6,31,23,48,30,23,23,15,34,8,39,10,27,6,33,46,50,34,36,46,15,8,18,39,37,38,18,42,44,32,6,46,35,13,41,16,29,28,18,27,19,48,16,33,36,9,18,10,44,47,43,8,9,10,26,24,5,12,38,24,31,8,21,49,27,25,44,44,19,24,48,23,8,23,47,34,14,14,45,39,44,32,48,27,19,27,27,24,12,23,13,12,27,38,30,37,21,20,36,30,45,17,30,31,17,29,7,44,9,22,14,43,24,9,6,31,46,13,19,21,22,49,42,31,9,6,26,28,22,48,34,28,38,34,34,5,40,27,14,36,10,14,36,28,9,45,26,29,31,9,41,7,9,43,12,45,34,14,20,17,41,12,16,13,24,7,14,11,35,47,36
27,8,49,25,5,35,22,37,24,31,44,11,11,33,41,16,44,41,44,38,12,25,23,26,8,25,45,19,47,46,15,36,24,40,9,14,24,13,29,41,40,17,12,43,29,35,21,31,39,6,35,30,41,50,18,16,20,23,29,13,17,31,6,33,26,6,19,31,43,28,40,18,37,47,22,42,15,42,15,11,20,29,49,41,24,48,9,13,45,34,9,6,12,13,6,19,27,23,48,40,7,10,36,10,18,8,15,9,23,25,23,7,7,46,41,44,29,47,45,39,12,29,16,13,10,31,50,13,48,31,42,33,24,27,13,8,46,9,45,5,45,44,42,15,26,28,46,13,26,8,42,37,35,38,26,10,45,15,22,41,37,49,37,24,26,19,37,42,41,24,21,30,27,20,14,11,39,7,8,10,48,20,8,17,27,11,17,26,15,7,29,12,31,45,43,25,7,28,32,24
13,38,37,47,36,17,31,29,22,42,34,40,48,6,6,21,21,20,30,31,18,42,32,28,12,32,29,39,14,23,39,17,41,36,25,32,40,44,47,26,18,48,48,37,24,11,24,19,41,9,41,48,37,29,33,27,50,21,20,31,35,8,44,24,25,47,33,29,41,38,23,42,41,46,31,30,32,21,50,36,21,38,23,42,24,39,47,9,47,11,48,20,38,7,29,25,16,46,27,49,45,9,22,40,37,16,25,21,17,9,24,36,9,40,19,35,21,23,40,45,41,38,22,20,11,25,16,42,45,41,9,10,28,18,19,8,46,12,30,17,19,45,6,16,10,41,28,7,37,30,40,31,39,9,33,25,36,22,27,50,22,28,39,47,8,36,16,11,5,30,23,44,46,8,22,22,23,33,9,14,5,13,12,38,32,13,23,18,34,14,44,41,20,37,37,42,10,7,25,5
44,6,39,12,15,23,48,49,25,7,44,48,37,22,38,31,16,26,10,49,16,36,41,26,27,10,31,24,6,24,8,8,28,46,23,42,32,43,26,27,19,40,23,17,11,27,36,45,14,27,6,6,9,35,37,40,33,14,14,18,6,20,28,47,45,21,24,18,39,49,47,20,14,49,10,49,27,34,34,29,29,11,13,34,10,34,5,7,46,19,26,27,36,20,26,7,39,6,12,16,5,24,29,32,14,43,29,11,9,9,29,33,32,43,25,7,35,12,15,33,34,14,26,13,22,16,32,24,32,48,45,16,8,15,21,46,28,17,37,39,24,49,16,12,42,26,40,13,7,29,16,46,43,31,46,42,10,37,19,7,13,21,19,49,32,28,12,17,30,11,27,44,42,25,38,11,13,11,17,37,20,7,37,32,36,30,24,48,7,26,12,33,28,21,33,31,15,8,48,19
49,13,13,41,42,21,7,24,29,8,21,13,33,45,41,27,26,28,45,35,27,13,50,15,35,12,41,40,7,35,44,11,26,45,17,50,41,33,48,15,49,28,13,47,30,24,6,44,27,7,49,27,32,43,11,43,23,24,36,17,32,39,39,35,37,11,47,25,18,46,21,32,35,17,12,21,26,41,22,7,32,41,19,16,11,45,43,31,47,29,35,37,32,13,9,41,23,22,28,22,37,16,20,28,26,12,27,37,12,39,33,35,32,24,31,26,42,36,12,35,41,6,48,12,11,35,21,7,11,30,13,49,18,8,9,12,44,41,44,12,12,42,49,25,16,25,26,49,7,6,47,41,34,14,48,18,29,18,28,39,6,41,37,15,40,11,49,39,28,18,48,32,36,25,34,27,45,38,15,46,29,31,36,45,13,25,8,7,17,44,6,28,45,44,8,42,13,18,41,22
46,36,18,39,13,18,9,12,42,47,10,32,25,15,49,32,48,45,17,25,16,11,14,26,22,34,5,33,43,26,13,48,47,25,20,29,29,28,33,40,19,43,38,30,46,40,43,33,42,30,48,40,41,10,38,21,10,32,11,47,13,29,14,47,32,11,18,34,30,18,32,40,11,27,46,33,20,12,10,18,26,49,26,27,30,24,31,48,21,29,40,12,14,26,43,7,13,49,33,13,45,40,33,28,32,35,36,20,22,39,35,45,9,19,22,27,8,48,27,13,34,44,36,34,30,45,24,16,38,43,37,34,10,11,31,23,30,7,34,10,33,36,20,18,9,36,46,48,16,7,9,8,27,39,41,8,45,49,32,13,46,9,12,9,44,17,13,30,46,20,47,5,32,24,36,33,36,36,10,29,20,11,25,45,45,19,7,13,44,24,29,16,15,38,48,45,27,41,18,20
17,39,34,48,44,28,39,50,50,43,43,28,32,36,27,39,14,9,32,25,45,39,32,37,44,37,44,8,27,46,7,16,44,7,23,7,24,21,17,8,23,19,16,50,42,17,48,48,47,46,5,40,47,38,40,7,36,8,23,23,46,44,49,26,19,26,25,27,24,12,24,28,50,11,43,28,21,49,42,43,18,11,11,5,17,6,23,47,6,20,23,24,49,16,17,24,43,10,19,35,45,17,30,6,15,11,45,36,38,16,14,9,43,25,17,36,13,26,32,7,14,11,43,50,18,32,38,39,32,19,48,23,16,18,38,48,33,10,29,34,34,9,28,45,10,7,46,37,11,17,44,41,20,24,27,9,21,44,6,15,42,7,36,30,7,16,46,22,11,29,33,11,40,18,47,11,19,45,17,46,15,44,34,15,14,12,25,6,25,37,16,13,35,45,7,48,19,46,24,26
33,12,48,31,32,47,32,8,15,35,48,22,37,45,17,21,32,33,24,21,14,17,35,28,28,41,11,20,9,33,26,46,44,47,50,30,33,36,10,39,40,34,24,9,47,43,33,29,22,42,35,20,25,34,42,41,50,17,33,44,49,12,28,28,48,11,28,33,41,45,16,33,32,40,9,20,10,10,42,24,32,42,47,47,35,20,36,50,27,31,47,40,42,21,5,29,37,7,39,31,39,36,49,28,19,23,6,16,19,12,43,14,36,15,9,23,32,28,34,17,16,47,23,48,14,9,44,12,6,28,12,34,9,17,40,31,17,16,31,8,35,9,49,43,45,35,9,18,27,21,20,14,20,36,26,44,7,11,17,34,40,33,34,45,16,5,6,35,10,44,34,11,32,36,7,43,5,9,31,12,18,45,19,26,7,22,30,10,49,43,29,30,16,14,46,39,16,45,8,30
30,22,42,29,25,26,26,46,5,8,17,16,48,16,14,8,18,25,16,16,5,12,15,46,20,12,16,42,19,10,36,26,9,23,41,20,28,11,9,47,5,48,21,10,49,17,23,13,6,46,22,35,9,24,7,7,19,5,15,11,12,31,10,16,7,5,35,36,41,30,48,30,6,15,37,34,46,30,22,22,26,40,6,36,6,22,8,7,29,49,46,37,24,37,46,39,29,7,12,24,39,12,19,13,29,7,10,42,7,30,19,33,7,48,49,38,5,43,49,41,26,14,41,50,9,46,17,16,41,22,6,33,7,31,24,12,43,37,29,23,40,48,49,20,41,38,12,21,15,12,16,49,31,10,28,45,30,18,39,39,31,17,45,24,34,47,21,32,43,26,34,40,24,33,19,21,5,24,14,7,12,40,41,15,23,37,30,22,35,38,40,50,8,17,46,28,39,5,6,10
24,29,24,25,24,24,12,47,44,37,24,50,30,28,25,9,13,38,7,21,38,7,50,33,10,44,23,10,17,21,41,29,32,19,33,24,14,16,41,16,48,16,18,14,16,48,29,20,33,38,31,26,7,16,32,24,24,17,43,16,8,7,42,29,44,25,17,25,46,28,33,22,34,7,15,12,33,8,19,15,18,31,46,47,50,36,38,28,9,26,32,24,13,39,34,12,15,7,41,48,49,47,9,36,38,42,22,7,6,6,19,18,45,20,30,37,14,47,46,49,40,19,26,26,11,26,31,27,35,37,41,18,38,36,11,38,16,15,8,17,33,30,23,24,50,49,35,8,42,11,46,45,17,24,40,17,15,8,50,48,6,41,17,35,41,29,34,9,43,14,17,42,31,34,37,30,28,6,47,30,49,41,46,41,47,18,26,7,38,33,37,20,46,25,10,8,14,36,20,35
32,37,31,9,22,45,21,37,42,17,14,9,48,31,22,10,15,47,38,35,8,40,35,13,26,25,18,37,43,25,25,26,38,23,19,34,32,23,29,31,41,5,26,11,43,8,14,29,13,47,28,28,25,44,32,47,11,40,35,28,24,40,30,20,39,13,47,48,48,24,36,25,22,15,39,16,11,23,38,24,44,19,8,34,26,18,48,43,43,43,49,33,38,29,43,23,33,34,28,41,36,10,40,27,49,27,43,27,11,49,43,33,15,40,27,13,40,9,22,47,50,31,40,41,12,44,27,44,8,24,15,14,46,50,29,22,38,35,25,19,33,16,29,6,32,11,9,26,34,33,16,39,42,22,13,14,31,31,37,22,47,38,31,25,21,12,22,17,39,40,7,30,40,13,6,38,47,44,24,30,46,48,46,48,48,47,36,15,33,9,42,29,48,26,12,35,47,49,25,36
10,36,30,27,36,30,5,19,43,42,49,19,29,25,42,18,36,5,38,22,47,8,5,8,29,12,11,44,13,19,34,20,16,20,32,45,28,38,33,21,11,22,16,47,45,43,5,25,23,38,24,19,26,25,34,20,20,35,10,37,22,8,45,34,11,49,21,6,5,18,31,41,20,13,19,28,9,35,40,42,10,46,29,47,32,8,29,49,8,7,29,46,43,21,12,23,27,29,20,35,28,20,16,34,16,20,20,13,11,14,22,27,19,19,33,43,11,31,5,37,41,28,35,36,21,39,49,27,22,33,45,12,38,33,43,24,33,38,22,6,33,41,11,20,22,29,6,25,27,48,40,33,21,7,24,34,22,15,34,48,13,34,22,33,46,8,36,45,35,14,37,25,14,12,14,44,37,21,34,20,32,27,25,44,32,45,34,49,39,42,13,35,37,11,9,44,9,25,5,39
29,31,12,42,31,40,42,21,26,47,37,7,12,17,31,44,29,43,47,25,14,32,28,39,34,22,24,25,10,24,22,41,17,16,27,7,20,8,37,19,6,41,12,23,41,27,41,34,46,13,9,21,14,17,12,22,19,49,23,49,37,19,35,17,39,14,7,36,47,16,50,5,15,30,11,35,24,27,15,27,26,44,43,44,6,14,11,45,47,45,25,16,36,18,13,14,12,33,47,32,11,6,24,41,9,13,18,24,17,14,21,21,47,8,14,42,38,17,29,21,42,28,25,30,46,22,35,11,39,22,21,11,25,6,5,11,19,26,49,30,32,38,16,39,49,25,31,13,27,32,30,43,8,14,35,39,24,35,31,26,27,28,14,23,45,19,33,38,42,19,33,22,26,45,23,44,25,8,19,21,13,6,48,40,25,31,11,35,48,40,27,34,35,12,35,17,22,6,36,37
33,10,6,37,9,31,26,34,23,42,21,6,42,43,34,49,32,34,48,45,27,5,21,9,48,22,33,39,32,39,15,41,11,23,39,30,9,13,11,13,35,40,41,7,44,49,32,31,13,19,18,10,38,31,21,35,23,5,13,13,27,45,44,21,18,18,32,46,9,42,19,47,27,36,11,37,6,25,45,33,13,8,16,44,26,39,6,7,15,49,12,19,49,43,27,7,25,18,23,12,10,48,30,25,35,43,41,22,24,22,28,34,40,37,48,25,37,22,13,32,47,17,33,31,21,43,24,31,28,13,11,16,13,45,16,40,43,46,49,29,40,44,12,48,15,37,13,40,45,30,15,16,23,38,24,9,39,33,47,8,12,12,46,6,44,34,20,18,47,15,15,41,45,40,23,45,35,26,8,43,37,41,11,8,39,13,48,21,26,25,24,15,37,45,17,12,36,50,41,20
46,39,46,26,36,48,11,5,33,11,12,27,8,5,10,18,48,30,30,45,7,19,41,47,15,26,21,25,25,26,11,16,46,19,27,35,19,38,15,15,20,7,45,42,6,43,10,16,34,19,9,50,19,30,15,20,26,39,30,37,13,42,14,26,40,30,46,43,41,17,15,38,49,40,46,49,18,35,45,13,49,20,34,8,47,25,48,29,19,9,36,46,13,16,45,39,10,25,45,6,41,32,15,15,15,27,26,14,8,36,30,21,29,28,45,41,50,20,23,36,24,25,34,43,22,46,12,46,28,34,8,23,22,20,13,22,49,17,27,13,14,22,14,11,45,26,24,48,47,7,47,23,37,44,24,23,34,22,29,47,49,45,47,28,40,13,8,42,49,38,24,34,31,47,49,17,47,23,41,21,44,15,38,19,16,29,25,12,9,21,27,28,49,43,47,35,27,47,32,14
21,41,16,48,25,37,47,24,40,12,45,33,27,27,24,31,29,7,41,37,17,34,41,40,34,34,39,44,26,27,40,42,10,43,17,17,44,6,6,5,38,9,22,33,6,26,46,7,7,24,22,31,37,27,34,22,35,8,13,49,23,50,31,48,39,25,18,11,25,28,16,30,25,23,30,7,40,19,27,28,29,29,47,30,9,35,16,13,31,13,22,43,30,8,26,20,41,19,11,25,38,18,11,48,32,10,31,23,39,22,15,14,23,49,45,20,24,47,15,49,33,17,42,25,29,30,42,47,44,25,20,12,47,37,7,40,33,47,35,9,42,22,44,13,18,25,21,13,41,12,12,30,16,25,16,37,8,25,7,17,46,31,30,12,21,38,46,21,19,48,6,16,12,9,28,49,25,46,37,26,32,45,48,12,24,41,14,18,25,33,19,38,27,21,22,20,19,44,30,19
32,48,32,48,42,34,26,13,12,24,30,36,43,25,43,33,6,42,17,21,36,24,16,40,44,40,13,19,30,7,12,8,26,48,40,16,8,35,18,32,24,38,13,23,34,39,40,48,20,43,15,12,33,39,34,7,12,14,20,13,25,37,19,26,35,48,6,45,27,39,50,8,27,41,31,32,14,45,37,50,29,34,41,45,6,31,31,16,46,25,37,35,30,48,38,42,26,39,26,31,32,45,17,34,39,21,12,30,21,40,31,39,6,35,5,46,26,47,10,36,29,37,38,35,49,43,9,42,40,36,14,9,31,32,21,17,38,41,11,7,40,41,16,39,33,25,13,22,9,7,17,48,39,30,26,16,43,36,31,21,48,27,34,25,50,20,18,25,34,29,35,9,43,14,31,36,20,30,34,18,41,24,13,14,48,35,9,9,43,36,50,28,15,45,35,46,45,28,34,40
37,45,48,16,18,43,31,35,21,8,36,38,24,43,26,19,18,8,14,36,42,35,7,6,43,45,22,42,42,35,20,33,40,40,37,18,33,47,29,32,28,11,25,36,27,12,37,45,30,22,29,38,21,18,48,32,44,8,35,49,34,12,23,40,8,47,23,12,40,36,21,14,10,47,35,32,22,44,11,30,7,29,42,14,8,11,7,30,44,33,5,18,50,12,30,45,24,25,18,27,28,38,46,41,41,45,29,24,26,21,45,44,6,16,45,33,13,28,39,9,11,9,37,19,41,17,18,36,15,34,25,41,37,30,48,39,15,19,35,26,40,42,14,18,48,25,34,7,23,15,21,49,18,24,33,31,39,12,44,45,30,7,34,44,21,36,48,10,48,27,32,32,16,6,11,35,26,39,15,9,19,30,11,39,24,11,47,34,19,38,23,39,10,24,42,11,8,9,19,20
24,8,28,7,5,25,15,17,38,13,36,39,33,21,13,18,23,49,48,29,42,14,8,44,25,5,29,46,36,13,6,24,6,20,26,16,43,33,30,11,26,12,9,49,33,13,18,27,29,11,24,29,35,37,23,45,10,12,20,12,11,29,32,27,48,38,5,27,41,20,12,38,14,20,6,19,17,12,33,39,36,17,31,21,33,48,39,47,6,28,6,40,26,16,39,29,19,40,7,49,33,38,5,49,14,8,26,23,30,6,26,6,33,36,8,40,20,34,19,45,27,39,15,47,16,23,38,10,31,25,34,15,48,15,26,8,41,35,6,16,34,31,25,20,37,40,21,22,38,21,45,9,37,21,13,48,28,20,31,9,20,40,22,41,35,22,28,37,46,44,10,13,22,30,26,46,22,21,10,10,23,17,22,42,20,46,39,8,47,18,43,42,9,35,36,42,27,12,42,44
28,14,43,19,42,38,20,7,38,14,39,32,44,10,19,27,13,25,14,16,39,14,30,41,23,40,46,27,34,14,25,35,50,47,49,18,32,14,45,42,40,42,30,42,22,38,22,45,12,38,20,22,40,38,27,15,16,18,9,17,25,26,29,19,16,37,8,16,49,23,30,26,13,43,19,47,48,28,49,26,30,23,44,10,25,49,36,32,25,26,38,35,40,28,43,20,14,22,12,22,23,31,48,45,39,24,46,36,10,28,7,24,34,16,36,49,20,13,46,28,27,11,32,23,30,37,47,15,44,12,19,16,6,7,46,33,49,12,49,16,34,23,37,22,44,27,18,44,16,17,20,47,40,9,31,49,16,34,14,13,41,37,17,21,47,8,6,50,12,43,35,16,38,24,11,14,42,18,41,6,37,9,27,15,27,28,47,31,9,42,33,26,44,16,48,30,27,18,22,27
41,26,18,48,45,47,10,9,32,27,44,21,20,18,30,36,11,49,36,38,7,41,36,37,9,12,28,37,42,7,30,46,15,38,49,17,9,50,48,28,36,36,31,45,17,13,46,18,19,30,16,15,24,38,14,16,44,19,22,24,14,7,30,7,42,31,46,24,32,16,8,33,12,19,39,36,35,35,17,11,39,11,28,9,50,10,8,48,44,31,40,43,7,32,15,17,5,37,43,39,23,26,23,23,42,16,21,7,50,45,13,33,8,20,35,8,40,15,23,49,6,19,5,10,37,24,8,10,37,47,27,37,6,29,37,43,44,37,28,6,6,8,34,27,33,27,19,23,20,19,26,18,22,8,16,24,33,20,21,22,25,28,5,43,10,47,7,39,9,45,10,34,26,13,14,47,13,30,42,26,47,45,30,26,24,48,41,14,42,42,13,10,49,40,19,20,36,28,18,20
