39,39,17,33,37,9,14,22,39,18,29,14,11,14,45,8,15,10,33,25,16,23,35,15,48,14,21,24,5,7,20,6,15,15,10,14,11,7,9,45,42,12,15,8,46,49,46,13,28,31,8,46,34,36,13,12,9,47,49,9,32,6,34,27,50,8,10,12,20,32,37,49,10,17,44,18,35,8,32,6,13,16,34,43,18,5,38,31,22,45,49,8,27,16,36,25,27,24,23,34,14,28,38,37,10,36,45,26,9,25,42,16,22,13,16,21,26,43,24,7,14,20,17,33,23,34,44,6,31,47,34,8,41,50,50,19,49,40,12,27,48,29,7,42,47,42,6,35,42,22,28,15,7,35,24,12,39,25,33,41,29,13,31,36,23,46,25,44,34,39,20,18,48,26,9,12,46,29,48,27,15,25,11,40,28,32,31,40,28,41,30,32,49,20,29,33,5,39,41,13
50,27,37,14,46,39,14,19,28,13,29,36,11,27,41,17,26,17,21,11,30,30,37,27,41,20,46,39,35,9,46,16,49,5,11,21,35,49,48,47,28,30,19,31,29,36,17,24,15,29,46,20,15,37,39,12,49,17,31,30,36,43,41,35,24,39,7,14,44,25,46,41,48,43,27,43,5,19,38,40,31,43,26,14,15,23,18,24,49,10,17,7,40,13,43,43,8,33,48,39,22,43,7,35,42,33,15,48,14,43,20,47,34,18,23,24,23,35,19,42,25,8,14,45,12,17,45,40,25,13,22,16,25,43,37,24,13,28,15,47,20,19,46,45,14,33,10,47,11,40,49,29,13,12,19,20,15,22,32,30,49,33,13,13,29,11,46,34,49,15,28,5,45,42,9,10,43,9,18,21,40,36,16,16,6,42,13,16,39,7,30,20,43,12,13,34,40,12,25,33
10,41,6,6,50,22,38,13,14,50,48,21,40,6,39,25,14,6,20,29,8,26,18,21,35,31,37,37,28,12,20,12,7,6,27,30,25,9,15,18,38,11,14,49,9,42,28,33,48,50,31,44,47,6,35,12,33,29,48,33,28,9,32,10,15,31,47,16,42,43,5,39,10,35,17,33,36,46,26,29,33,11,45,8,41,34,27,9,16,15,7,25,10,26,16,21,27,22,11,29,13,41,40,10,49,27,37,40,32,29,6,37,7,27,22,30,26,26,17,27,27,42,42,23,31,16,49,20,13,26,34,19,39,49,45,24,33,11,26,24,24,41,45,12,34,36,16,26,9,18,26,33,44,31,7,49,26,33,30,26,37,28,36,12,15,7,23,14,6,47,11,11,8,49,13,44,13,15,13,10,41,21,11,28,28,25,41,12,14,34,15,31,17,38,28,21,12,36,40,42
5,35,13,38,41,23,42,6,49,19,5,14,40,12,12,20,18,25,17,23,6,8,24,43,11,5,22,28,26,16,11,32,41,41,50,45,44,15,19,48,39,14,11,39,11,9,20,15,17,33,14,21,46,47,46,16,21,19,23,48,40,25,33,9,8,35,37,49,30,7,8,29,9,37,16,43,44,48,35,45,11,31,9,26,28,7,30,24,27,8,40,12,46,25,20,40,43,14,15,45,41,28,40,25,46,42,12,39,12,15,27,34,40,36,40,45,38,36,22,38,24,24,16,50,26,22,19,7,42,36,30,33,26,16,13,18,9,15,48,30,45,33,50,14,12,29,43,24,22,23,32,26,21,36,13,38,48,28,16,47,29,30,27,24,47,10,16,24,44,39,16,17,7,21,10,14,26,25,25,47,32,23,49,18,44,43,9,34,23,16,24,25,16,46,10,7,40,16,32,33
5,8,19,14,26,25,29,12,38,9,25,9,15,44,47,19,43,18,30,23,38,32,9,41,14,11,44,20,7,34,28,15,41,47,48,30,22,16,42,20,7,7,32,29,18,11,18,38,11,17,38,8,41,23,25,36,39,23,27,11,28,19,36,10,14,35,14,29,49,17,48,10,39,18,26,24,17,18,7,14,19,21,39,30,28,46,24,16,37,43,48,33,35,6,18,25,25,38,14,17,47,31,47,36,50,8,49,44,23,50,8,41,42,34,33,7,42,10,24,33,39,34,48,18,30,44,14,6,14,11,47,26,41,46,6,15,44,35,40,6,35,7,45,27,14,37,39,14,24,23,41,18,20,22,22,39,6,23,33,47,28,48,41,18,23,14,8,43,7,9,47,14,34,21,12,43,37,41,24,29,46,46,15,15,13,23,21,20,10,18,11,30,7,46,38,36,50,41,42,24
14,41,41,30,26,9,38,8,17,48,23,22,18,47,41,12,50,15,43,32,19,37,5,39,26,27,33,31,20,15,48,10,20,33,25,38,27,12,48,29,35,33,30,26,50,46,8,19,8,42,50,10,48,49,22,23,10,36,49,20,50,17,22,25,29,31,47,28,13,19,33,36,38,26,39,21,6,34,21,23,40,18,31,5,28,11,28,34,10,47,21,18,45,46,49,31,18,24,15,27,16,8,25,40,49,47,18,8,47,27,49,49,42,43,25,44,29,19,14,18,22,10,10,28,7,50,16,34,49,17,16,50,10,17,49,17,33,32,23,43,31,42,10,42,49,36,7,39,39,32,9,46,34,41,19,35,11,12,22,21,49,31,20,7,13,41,9,28,6,44,39,49,43,17,38,13,41,28,12,44,12,15,24,50,8,25,31,42,32,5,11,15,28,35,38,12,19,43,31,22
30,16,8,20,40,44,20,28,7,15,35,23,13,40,50,42,22,19,50,26,14,14,26,36,9,40,36,42,13,21,36,34,41,10,45,16,42,26,48,39,24,10,27,27,8,30,12,24,39,26,15,48,7,12,36,10,14,23,50,35,23,12,40,43,44,30,37,13,10,35,39,26,7,39,39,35,43,9,19,26,25,26,32,30,7,26,33,44,10,44,39,31,49,8,49,42,18,15,30,18,46,38,34,26,9,46,12,17,16,11,35,44,49,41,48,37,44,45,35,38,12,18,46,33,46,15,18,25,17,50,42,37,40,49,33,31,34,27,48,50,48,9,33,39,27,12,34,29,39,23,22,23,9,35,46,38,11,43,45,41,20,47,40,26,44,9,28,26,7,21,20,9,42,7,21,49,12,29,17,7,29,22,46,29,5,43,6,20,41,6,9,6,6,9,42,8,18,25,39,32
45,43,13,15,44,16,16,31,50,35,23,35,32,17,34,26,32,47,43,20,17,28,22,32,17,13,17,14,16,26,49,16,47,14,11,26,46,37,32,31,47,39,49,16,44,10,45,21,13,17,8,40,22,33,17,17,48,39,15,17,22,13,33,14,11,24,24,44,19,17,40,40,32,35,22,20,32,16,44,18,19,27,44,32,30,26,6,30,27,45,12,12,39,48,22,46,23,23,17,41,16,23,10,13,32,32,50,25,6,32,41,14,22,10,42,25,21,22,17,38,49,16,6,7,17,37,17,7,14,41,5,48,43,26,47,6,22,28,28,7,35,11,32,32,23,45,22,13,37,31,8,49,13,13,41,33,45,47,11,17,41,25,44,26,11,12,11,47,9,26,28,33,22,27,41,22,30,49,32,47,41,40,41,8,9,40,47,22,9,49,43,49,13,32,45,46,14,50,42,9
11,42,28,38,23,40,45,29,34,31,18,45,10,14,12,27,12,49,36,25,35,9,38,5,9,45,20,32,29,17,43,43,5,23,16,34,5,47,42,37,13,29,31,43,8,36,36,43,22,27,31,40,17,7,48,15,18,31,40,50,40,49,7,34,41,36,19,36,22,43,29,7,28,50,36,30,17,11,14,44,41,48,33,25,34,48,35,23,33,47,18,48,44,22,33,32,39,29,44,22,29,9,23,23,26,28,41,26,14,35,6,8,19,10,47,50,26,36,28,44,20,22,36,37,35,19,32,37,32,21,22,37,41,11,31,23,39,31,22,6,45,39,28,43,44,45,7,46,20,34,25,10,25,44,42,7,27,46,43,36,47,34,37,7,20,10,18,33,22,23,12,36,10,44,47,12,21,14,17,8,37,26,13,19,12,32,15,20,49,47,18,46,9,28,39,7,24,27,48,44
47,46,25,43,42,36,50,45,10,30,35,7,30,34,40,30,46,40,47,24,31,17,49,32,32,43,41,32,50,43,31,15,49,40,36,6,12,9,40,30,21,13,37,13,49,47,7,19,23,16,24,27,28,8,23,33,25,27,5,11,21,40,9,12,40,48,10,38,20,35,22,25,31,27,33,41,42,10,24,29,41,16,47,17,43,35,49,34,16,30,18,28,47,48,48,19,47,27,8,38,32,19,25,36,9,19,45,22,8,48,34,40,12,35,6,6,35,50,41,10,34,45,44,12,19,13,25,6,16,41,15,30,49,20,30,33,47,19,18,25,29,34,29,42,41,25,22,41,19,20,9,35,32,12,37,19,30,5,14,7,22,9,40,30,17,7,39,7,22,22,45,19,19,20,44,42,49,23,27,45,25,48,46,22,39,49,25,48,16,7,11,28,33,6,35,9,38,9,29,47
10,36,22,27,14,22,26,11,21,50,32,36,7,40,41,21,16,10,8,34,22,48,27,8,14,27,19,31,30,31,32,43,7,45,26,23,23,49,15,27,11,6,44,32,47,13,15,10,22,17,36,49,42,21,26,7,9,13,18,37,40,13,29,38,44,21,31,15,35,34,34,15,14,49,40,29,11,44,25,8,36,20,30,7,40,18,30,7,19,27,38,36,32,14,9,13,38,42,11,39,35,21,30,15,13,22,27,47,31,26,46,36,17,38,11,31,18,30,40,18,19,10,10,31,16,24,17,38,26,10,9,24,32,41,18,11,40,18,41,18,9,28,8,29,18,35,47,22,24,16,8,36,32,12,50,21,49,7,15,22,26,32,20,26,42,11,29,41,19,39,25,20,30,6,38,30,30,38,41,23,25,14,32,33,39,20,14,32,40,5,7,22,37,24,26,31,32,24,21,43
46,45,40,26,32,48,6,48,26,7,20,21,10,12,23,27,15,8,30,23,11,48,27,15,35,43,32,30,35,32,32,19,14,42,27,27,13,50,38,29,9,27,29,47,34,43,16,32,16,45,18,31,30,41,35,47,15,35,7,7,16,25,35,17,27,24,29,14,39,47,11,42,32,42,17,36,49,11,46,49,19,7,42,39,42,7,13,35,7,14,15,30,16,46,44,18,8,7,33,16,19,26,20,32,13,18,22,7,40,14,17,18,28,35,26,17,39,12,21,18,7,24,48,33,8,30,50,10,16,27,26,5,34,33,40,25,22,11,19,40,46,26,43,18,35,46,25,9,42,16,38,30,45,27,30,42,30,18,49,17,30,30,45,30,27,6,17,41,25,48,13,24,43,20,14,37,39,30,45,8,15,10,25,26,29,18,20,50,45,23,11,13,12,7,38,46,14,50,17,38
31,18,6,29,40,31,23,14,10,14,26,27,15,41,44,41,17,41,5,6,37,36,49,23,9,50,14,8,46,16,12,48,21,47,17,24,6,46,30,16,9,25,23,25,22,43,17,7,8,34,36,47,40,23,15,41,18,39,42,13,32,12,7,35,6,36,7,34,26,22,28,43,33,39,50,32,37,38,36,20,49,5,44,24,28,47,27,35,30,31,29,8,25,13,29,34,30,40,33,35,49,14,14,30,9,8,18,25,16,39,26,14,48,45,34,48,12,6,29,49,8,16,11,23,25,49,10,38,18,25,34,27,42,34,38,45,47,30,36,31,15,39,30,34,38,14,11,8,18,40,9,9,28,45,33,16,15,40,24,28,23,17,8,28,8,29,26,23,31,9,44,30,14,46,33,29,19,49,45,49,5,21,11,7,37,8,40,25,36,28,23,48,16,8,25,9,37,25,8,5
46,24,48,41,12,15,20,37,50,36,46,47,13,46,5,46,22,49,15,6,44,30,23,19,34,22,22,30,26,23,26,14,9,48,48,30,10,16,40,37,26,50,49,5,21,39,31,15,12,22,17,43,23,30,37,43,35,29,44,21,21,48,19,32,23,20,46,25,21,46,13,26,25,42,36,42,45,23,35,25,8,19,12,6,26,17,16,36,28,48,10,6,47,14,48,29,15,43,17,26,22,24,41,15,21,38,21,32,34,24,31,30,12,7,48,50,13,6,26,11,31,7,23,45,38,30,21,8,41,6,39,32,8,7,24,13,40,32,14,43,5,6,10,42,30,32,42,33,31,20,21,8,22,45,34,43,21,26,35,44,24,32,46,26,31,41,16,23,16,38,42,6,8,29,46,21,41,18,11,17,12,50,15,14,22,48,25,41,30,36,13,34,22,8,26,18,47,41,24,10
13,17,21,9,8,40,50,30,10,48,11,14,37,15,35,37,46,29,7,26,22,32,39,16,38,12,23,46,31,29,34,22,44,41,42,41,48,21,10,44,42,31,45,38,48,29,18,25,28,45,45,27,12,25,18,36,9,14,16,23,22,33,45,39,37,42,29,26,38,17,34,20,44,9,13,48,28,42,11,33,7,31,8,32,13,21,21,14,21,41,45,25,16,18,47,44,10,31,19,41,10,44,26,44,19,44,9,26,25,24,19,13,44,10,11,15,13,43,9,5,43,17,15,21,8,7,41,29,32,45,12,25,7,27,10,28,8,40,10,44,46,15,34,7,25,47,37,40,11,36,16,19,39,22,41,22,44,42,47,6,26,34,9,38,36,47,22,37,23,20,48,25,31,13,9,30,38,45,37,36,46,42,8,21,26,18,44,35,20,21,19,22,50,27,29,42,45,7,49,40
10,41,44,28,16,36,6,47,34,49,40,46,38,32,19,46,22,44,19,45,30,33,48,38,38,21,8,31,42,9,7,13,41,18,16,22,44,18,16,24,44,7,19,25,20,24,7,29,32,44,8,36,44,38,14,43,22,43,20,41,7,19,46,42,33,20,43,7,28,14,9,47,40,47,23,26,49,9,17,23,13,49,28,26,43,29,45,19,38,32,8,34,25,47,15,23,14,13,45,31,47,13,31,25,23,26,21,37,7,34,49,33,41,48,49,14,7,35,42,39,21,6,38,16,37,34,10,19,45,29,37,42,32,33,30,39,20,27,9,10,34,26,23,31,17,31,39,13,43,36,15,28,32,20,43,36,38,13,20,43,16,13,35,47,7,43,18,43,20,18,37,37,46,12,10,43,11,37,16,31,23,11,7,30,42,27,34,37,38,23,48,15,22,25,8,41,37,48,17,23
36,31,18,6,9,46,32,10,10,34,33,47,43,26,38,7,36,45,46,44,16,32,39,25,36,25,36,45,10,11,31,32,34,17,11,19,48,6,6,7,21,14,38,32,44,18,40,7,23,26,15,42,20,33,16,13,39,21,13,10,12,36,45,29,14,48,16,46,18,13,7,38,47,39,35,42,17,11,35,29,17,14,11,38,20,48,46,44,44,28,18,25,8,6,13,40,17,25,48,37,19,9,45,41,43,23,35,24,43,49,31,13,41,31,41,25,40,24,40,24,27,12,42,12,35,37,36,37,33,47,13,28,33,34,9,25,11,30,10,15,40,30,47,40,49,42,20,29,18,30,9,25,38,34,39,10,16,27,44,45,26,43,36,16,34,21,5,40,21,10,44,13,28,36,41,48,49,47,48,25,26,36,32,19,40,37,32,8,27,34,10,22,27,21,36,35,33,35,16,13
12,31,46,40,18,47,13,31,38,31,20,13,33,46,35,43,40,20,33,27,31,13,30,27,38,45,8,17,37,38,6,39,11,20,45,35,22,47,47,45,25,21,47,35,21,47,16,15,30,17,7,42,48,8,18,17,46,16,11,32,11,24,9,47,24,25,10,10,26,31,28,6,31,10,37,23,45,39,47,11,35,22,22,23,33,18,35,36,39,11,19,10,50,39,15,34,41,31,40,31,35,22,42,30,47,44,7,42,36,5,39,18,6,23,21,32,28,32,46,39,30,14,36,15,5,7,37,39,33,50,37,26,32,39,33,19,23,9,35,47,33,8,32,37,31,29,9,9,45,19,27,10,21,20,10,23,43,26,42,32,22,42,37,25,18,15,24,33,26,22,19,20,32,40,26,11,44,32,15,13,5,19,20,16,5,19,50,28,46,34,5,5,13,43,29,24,38,49,24,31
46,16,10,23,33,16,31,48,10,44,38,16,18,44,33,19,14,30,47,9,42,38,39,49,13,19,21,32,24,37,22,44,33,35,46,23,41,7,25,8,20,11,46,50,37,31,14,7,37,11,22,18,23,39,13,40,22,46,21,40,28,35,13,8,44,15,44,25,17,41,25,19,43,23,14,42,32,37,14,13,30,18,12,42,19,21,33,28,24,7,19,20,17,36,7,34,41,28,41,15,49,7,16,11,9,21,16,17,20,40,22,32,23,22,25,13,13,27,25,25,38,31,26,33,10,10,11,32,47,22,17,33,39,33,34,15,20,20,27,7,43,15,23,18,49,16,31,23,5,42,35,36,41,7,16,33,46,35,25,12,42,48,32,24,38,40,45,33,48,46,37,23,30,13,47,26,43,32,29,49,50,42,19,8,43,36,14,43,26,32,13,6,16,25,39,30,18,6,18,29
11,26,31,46,49,29,45,24,48,13,33,32,32,40,30,31,31,6,29,28,11,27,40,37,10,49,45,23,32,22,29,49,34,45,23,31,25,40,28,34,10,20,33,24,16,42,18,44,20,45,39,29,12,16,32,36,25,15,35,39,38,9,14,26,33,48,34,11,29,10,41,48,47,49,24,26,24,34,41,32,22,19,32,37,32,9,12,24,41,43,9,38,41,7,13,17,25,26,20,15,35,28,41,24,23,9,9,13,46,8,13,42,42,50,25,5,36,45,31,39,31,7,33,36,49,24,18,41,8,10,34,30,14,37,15,44,26,34,18,30,42,19,39,12,44,41,6,31,15,6,36,41,28,21,7,15,26,18,28,26,35,22,9,24,41,46,42,19,37,11,17,46,7,48,26,38,22,19,6,20,27,30,40,15,23,26,6,37,47,35,28,21,8,25,10,16,21,44,7,22
40,43,45,45,43,48,40,39,15,9,42,36,8,18,15,32,29,15,39,21,32,37,47,9,42,27,29,19,14,16,23,19,43,48,25,34,31,35,43,36,20,13,8,49,35,10,41,44,15,47,48,23,39,40,5,8,16,8,26,39,36,15,22,34,30,22,8,17,21,15,23,45,15,21,40,38,6,14,30,28,18,10,8,42,41,19,43,49,11,34,22,46,24,44,6,30,16,35,17,41,16,18,49,36,44,8,26,9,28,17,28,6,26,25,32,40,45,42,9,42,41,18,42,7,25,20,33,49,6,46,50,45,11,23,49,44,26,36,33,15,44,35,47,28,47,31,16,38,32,47,19,45,7,38,25,33,42,23,41,21,25,28,26,30,17,7,41,49,43,25,31,33,16,17,22,28,31,11,16,49,18,43,28,13,19,37,15,28,48,8,10,20,24,19,27,35,18,33,43,28
18,46,47,41,45,36,23,14,24,38,45,16,15,6,16,36,41,25,36,47,20,11,43,29,19,19,31,24,32,49,43,6,49,28,39,39,40,34,36,20,15,33,26,10,25,35,17,17,6,37,25,27,13,47,23,31,38,8,30,8,34,36,12,32,26,19,45,18,41,43,24,50,40,28,41,47,46,20,9,40,46,9,34,33,27,13,28,10,43,25,46,45,11,7,26,26,20,44,41,25,24,25,20,44,16,17,48,9,30,16,26,24,10,24,22,27,31,32,21,39,49,43,9,40,17,41,28,5,15,8,15,8,13,36,43,13,18,47,7,16,22,13,37,46,31,38,44,32,11,50,16,33,46,41,17,45,46,34,8,26,8,19,7,38,33,39,16,20,23,39,6,50,21,7,7,14,28,5,18,11,35,11,23,29,38,8,24,48,7,37,20,44,17,7,15,42,50,26,49,19
43,39,17,42,45,44,30,19,49,27,29,20,45,49,7,6,28,15,10,6,15,38,44,34,41,27,17,26,38,40,9,20,21,46,21,26,28,23,31,34,18,8,31,7,25,25,46,31,6,33,9,41,24,49,25,33,40,45,44,30,36,41,17,42,17,36,28,33,15,8,6,32,12,28,13,12,17,33,45,6,13,25,25,49,15,18,13,28,38,7,41,13,12,47,17,25,31,40,42,21,14,15,21,47,6,50,35,26,47,43,16,6,33,41,25,37,17,43,50,10,7,22,14,20,44,44,25,45,42,46,47,16,25,19,46,13,29,28,47,42,37,32,28,6,14,28,22,17,50,9,44,44,21,31,36,31,17,40,27,17,17,16,11,27,12,43,23,18,32,49,39,31,28,25,46,23,16,24,29,46,34,6,39,15,34,46,21,26,39,49,14,8,36,9,26,20,30,43,36,43
47,28,15,34,34,39,30,24,6,24,50,40,42,22,10,19,21,7,43,30,7,12,45,44,24,30,37,30,25,32,44,28,41,13,9,34,40,7,21,23,50,7,45,34,13,48,36,24,15,21,26,42,14,29,31,24,10,45,46,41,10,32,19,15,10,8,22,45,26,39,41,45,19,46,22,41,12,7,47,36,31,48,23,29,42,45,34,30,10,33,14,35,10,9,49,28,44,39,44,12,14,30,36,44,42,48,19,16,38,8,48,8,50,44,38,21,44,22,45,14,33,33,44,22,16,21,39,9,11,48,8,22,37,27,30,6,14,29,34,6,14,34,8,41,49,18,39,42,16,42,36,49,47,10,34,7,9,43,32,35,13,11,48,29,14,10,31,45,35,17,24,17,15,42,17,49,17,7,5,41,8,34,44,48,11,23,31,19,14,24,36,8,8,46,9,34,46,44,25,32
15,35,34,9,30,49,42,38,31,37,27,31,46,33,25,36,33,17,8,20,17,28,19,46,41,42,19,45,27,40,38,34,13,22,8,20,16,48,9,49,46,12,45,11,31,18,25,11,37,12,11,35,47,12,30,40,20,19,5,13,41,37,46,29,41,6,39,7,21,24,35,21,43,47,8,11,29,15,31,44,44,36,48,29,9,31,24,43,49,9,36,14,8,47,47,30,28,7,6,11,18,37,19,9,17,38,13,37,18,29,46,46,8,6,38,50,43,35,48,23,35,6,46,42,34,37,25,7,16,50,15,17,10,35,22,45,31,36,13,18,41,7,40,6,44,15,37,35,17,25,45,22,31,40,15,30,29,43,6,27,46,9,18,40,23,32,40,12,11,29,27,25,16,24,26,18,34,37,13,46,45,27,12,19,7,48,19,35,42,40,44,34,8,32,36,47,22,9,40,16
15,45,36,32,26,15,41,30,12,9,15,7,35,50,17,13,28,16,9,13,40,49,34,38,13,44,45,16,23,33,44,20,16,30,32,18,42,27,44,22,5,28,21,47,21,29,20,12,21,38,45,24,48,17,7,34,14,17,18,26,34,32,12,7,24,25,37,37,34,39,33,50,7,9,15,33,37,34,14,9,27,39,10,49,10,43,49,39,49,21,25,5,20,28,15,46,16,38,47,27,39,50,5,25,19,46,40,46,8,37,16,45,16,17,42,15,6,21,44,7,48,33,9,32,28,48,28,38,40,17,39,7,6,14,38,37,42,26,42,9,49,35,33,33,25,33,27,37,11,39,20,44,23,8,37,21,14,43,35,33,30,40,37,17,17,49,39,28,29,23,29,30,24,30,35,45,39,40,25,19,28,35,17,8,18,45,50,36,12,16,21,8,45,37,15,32,14,35,43,30
7,38,37,45,11,6,48,44,19,37,41,33,28,20,16,22,10,9,16,31,14,46,13,26,44,40,13,11,35,33,6,11,30,28,25,33,29,22,38,15,39,8,42,31,42,34,48,45,40,39,7,9,28,12,14,38,14,15,46,36,49,29,29,37,22,24,50,11,34,10,49,46,47,30,50,48,32,35,32,32,23,49,9,24,15,6,15,42,15,25,10,49,29,24,46,24,19,11,36,23,24,13,34,16,12,29,11,45,38,36,34,30,45,39,48,32,34,15,30,33,29,26,24,47,11,42,16,9,33,42,37,38,26,15,38,48,18,31,28,12,19,32,19,7,14,16,14,32,9,34,30,42,49,6,26,9,48,9,25,6,24,43,34,9,13,18,36,23,12,6,35,44,40,29,30,13,38,44,7,35,31,22,18,24,22,11,25,35,37,43,34,32,10,40,40,8,30,16,49,44
29,5,7,16,47,46,22,13,20,8,10,46,26,21,43,39,23,6,32,5,46,13,15,37,13,8,31,47,24,39,37,50,43,48,24,48,20,19,46,20,21,26,41,31,8,28,44,18,31,34,11,9,31,26,16,47,32,42,21,18,29,41,21,47,42,32,33,8,19,22,21,49,43,42,34,36,36,27,24,48,7,19,45,32,28,47,11,39,49,24,24,42,43,38,43,8,30,23,30,23,28,37,36,47,37,31,11,34,43,30,20,17,8,17,41,17,28,46,46,18,45,21,11,41,15,7,26,28,47,20,23,40,7,49,19,31,27,34,38,12,36,40,25,34,49,16,17,5,29,48,39,19,45,25,36,28,27,31,16,39,25,48,16,9,31,19,28,22,21,29,5,13,7,27,29,19,9,22,30,7,13,37,27,35,37,13,33,6,27,17,28,18,12,15,19,24,34,19,12,27
42,29,31,33,13,17,20,46,19,9,16,37,6,47,26,23,24,33,32,17,21,10,49,25,47,21,32,8,6,48,14,14,17,34,18,19,26,15,21,18,12,22,49,43,42,5,44,30,13,32,26,30,34,25,45,19,33,48,40,38,39,19,20,14,26,24,14,11,6,23,15,33,47,47,16,29,13,24,49,28,42,11,9,26,27,46,32,39,18,23,15,37,38,26,18,48,21,41,16,22,39,29,22,25,14,19,45,27,24,33,24,41,11,19,25,49,35,45,50,48,20,32,31,41,42,48,35,18,46,37,18,36,37,20,31,28,21,28,10,35,33,34,16,28,40,34,11,6,26,43,14,28,45,5,17,10,33,46,39,28,27,37,16,35,16,32,34,35,39,32,48,37,9,40,6,29,15,25,26,50,18,28,25,18,48,12,22,31,50,17,16,25,18,25,50,9,42,24,23,7
19,48,22,37,9,18,37,23,42,39,36,44,29,29,34,10,39,46,34,21,31,6,47,20,31,11,35,49,5,48,34,19,31,32,6,33,13,5,17,15,11,35,6,48,49,47,42,8,33,11,24,47,16,50,39,16,24,16,10,13,38,48,44,30,34,37,40,8,50,35,45,18,12,43,25,19,29,35,7,26,42,8,11,25,30,13,26,27,7,22,13,38,31,9,27,38,25,25,46,9,20,40,44,48,43,20,31,39,6,32,45,27,26,37,13,14,22,25,49,40,47,48,27,32,31,37,27,49,27,8,37,17,28,28,23,29,8,13,13,31,42,33,19,26,12,26,37,32,37,30,15,48,11,24,13,32,48,10,30,43,40,19,26,49,13,43,47,49,6,34,5,16,16,13,20,25,47,12,17,20,36,16,20,24,49,49,30,38,40,44,29,17,29,47,16,9,23,34,13,7
9,47,17,39,34,31,48,46,43,7,16,48,25,37,29,32,12,8,7,38,19,33,24,48,15,36,47,24,40,19,15,44,40,30,11,42,31,39,22,44,38,47,34,31,27,9,28,17,38,25,50,9,14,9,6,37,41,9,47,28,39,14,24,45,38,23,49,21,24,45,34,33,16,14,28,20,40,26,48,24,18,24,13,11,23,16,12,40,31,43,39,37,43,44,15,27,35,42,37,41,11,35,16,36,29,28,37,35,48,22,18,32,28,37,11,41,15,17,29,6,22,35,40,29,31,45,19,48,6,23,10,33,38,34,13,16,34,30,32,9,27,5,37,49,31,16,9,13,18,41,37,10,30,49,31,37,44,42,6,13,37,32,9,24,16,38,48,44,26,9,22,33,14,13,39,14,30,33,34,20,36,26,19,35,42,49,49,20,26,36,38,47,7,20,25,45,43,23,9,41
43,7,8,18,43,9,25,14,31,18,48,39,10,20,37,44,44,35,38,33,6,25,32,10,43,44,24,49,42,42,20,18,50,11,23,26,32,47,37,9,13,10,6,18,37,9,24,13,27,6,48,41,17,19,44,26,37,17,9,40,13,38,14,48,24,34,17,20,10,40,45,23,20,43,35,41,16,22,46,29,32,27,32,11,19,17,21,17,31,40,44,37,42,19,43,28,18,13,12,25,43,31,24,22,15,19,30,42,47,18,27,28,24,29,13,47,36,11,12,30,6,6,35,39,18,45,17,20,28,27,20,18,25,23,22,49,16,17,34,35,9,18,33,26,29,38,34,23,18,49,20,50,11,9,16,19,6,13,22,30,11,7,22,27,20,50,24,31,26,33,24,45,43,13,29,10,25,35,34,17,38,24,12,44,10,42,8,16,34,33,38,36,9,35,13,28,32,40,21,14
21,21,7,19,46,18,29,11,31,27,7,44,28,26,26,33,42,19,40,26,38,25,37,33,11,28,41,26,13,48,33,32,43,32,9,14,43,5,25,12,44,42,14,41,9,42,12,28,28,22,47,12,14,34,34,41,41,14,44,15,24,21,37,41,19,46,49,29,11,26,43,33,22,21,21,14,44,33,12,32,34,37,10,8,12,21,6,17,44,30,5,10,8,31,28,34,14,28,45,20,39,47,41,21,6,7,41,46,49,27,18,23,15,48,49,8,21,23,45,20,32,26,11,29,18,27,9,6,38,41,9,50,25,23,14,20,21,40,49,46,5,16,26,6,9,35,31,43,11,24,19,30,34,14,30,7,24,50,14,22,27,8,37,5,24,18,12,32,42,7,27,11,9,39,13,45,27,13,42,32,26,32,36,27,25,36,35,22,48,9,46,25,20,40,16,44,34,12,31,24
47,26,5,41,11,23,18,9,41,17,48,14,15,17,15,6,38,12,50,22,33,38,49,41,36,10,49,46,43,19,9,17,18,29,5,19,28,16,16,6,7,7,47,43,17,22,29,44,44,32,39,5,17,47,30,25,39,17,24,32,49,23,14,34,22,42,10,21,37,25,38,36,14,25,25,45,33,28,6,20,25,33,44,8,36,44,6,14,32,30,5,42,6,28,15,39,40,32,30,29,42,18,42,41,41,46,43,44,9,20,19,27,11,49,13,16,18,16,10,23,6,28,8,48,8,19,31,11,20,21,33,35,39,17,47,36,30,28,30,33,17,40,19,10,31,41,17,20,13,32,38,23,26,14,10,8,20,24,12,22,26,14,38,5,13,7,34,30,47,44,31,12,26,43,47,25,48,22,18,24,44,26,44,33,8,41,34,7,42,13,19,44,13,23,31,9,13,6,45,27
14,28,15,7,31,26,6,41,19,42,22,15,26,25,26,49,41,26,29,36,22,23,41,45,27,27,7,17,47,28,33,45,25,39,20,13,13,25,44,8,50,43,31,24,12,29,22,25,39,15,27,19,27,25,6,24,33,9,9,23,6,44,26,9,7,12,38,30,38,25,24,11,49,22,6,26,17,17,9,8,40,49,29,39,36,33,19,25,31,32,28,13,28,16,11,48,24,12,46,11,18,35,15,32,46,39,37,45,42,17,44,5,50,37,33,47,44,19,12,21,28,22,20,45,22,14,6,8,42,29,33,30,11,15,13,49,48,21,45,50,31,42,9,45,30,11,18,22,30,21,28,29,12,12,35,45,44,23,16,47,9,34,19,32,29,28,40,47,40,42,49,9,45,26,10,34,17,45,33,46,26,25,12,5,6,47,26,21,20,47,30,44,7,23,38,25,31,38,13,25
14,13,6,38,22,27,45,30,44,16,20,18,34,26,26,30,29,33,44,17,41,17,10,14,38,11,25,11,34,29,36,46,40,43,11,16,11,22,46,6,46,35,26,32,48,9,22,48,19,11,35,32,34,35,49,15,34,39,17,8,18,15,8,28,39,5,23,23,48,18,22,9,8,18,28,35,32,22,9,43,8,15,14,16,43,50,15,47,32,30,13,29,40,41,17,16,5,11,48,24,38,8,23,27,42,23,29,7,32,40,33,21,13,32,20,45,11,38,18,19,15,30,26,38,22,32,6,25,49,27,21,6,44,29,27,16,30,39,7,36,29,10,15,36,29,14,22,27,10,18,26,16,24,12,18,45,47,39,31,14,44,6,46,21,38,17,50,9,47,18,5,47,29,5,48,6,46,15,18,21,34,6,32,21,27,47,24,22,49,33,28,11,13,48,33,18,48,48,11,41
34,45,8,49,13,5,45,30,10,31,29,45,9,28,33,20,31,7,8,27,31,43,17,27,13,22,6,45,36,44,35,13,37,46,43,43,40,37,27,17,13,30,41,43,33,22,20,22,19,41,30,41,39,37,41,29,27,16,41,35,23,13,33,40,11,10,27,39,30,6,17,7,17,25,49,30,24,12,42,22,25,11,39,18,21,31,7,19,46,23,21,48,43,16,38,43,13,48,28,28,22,22,38,22,14,21,50,16,35,49,48,39,43,15,11,30,14,43,48,37,41,37,13,33,17,27,33,21,13,13,10,9,48,47,42,11,17,45,30,18,12,44,10,41,5,38,10,25,40,18,35,26,44,37,49,33,12,10,15,14,14,9,43,45,26,36,9,29,26,5,37,31,41,9,26,15,31,37,13,49,39,45,48,47,44,22,8,5,18,10,35,8,36,20,36,41,12,29,40,45
12,29,17,12,43,46,44,25,14,12,29,46,31,45,31,47,39,46,11,11,34,12,26,47,50,46,49,33,20,35,8,43,34,39,43,25,7,45,45,28,43,14,19,43,15,47,17,27,33,6,8,21,44,35,39,36,19,44,31,25,24,47,44,29,30,39,30,24,20,21,38,41,34,31,13,13,14,45,27,15,41,8,22,10,37,30,41,34,26,9,13,22,33,34,14,43,47,47,40,11,45,14,11,23,26,17,48,46,28,39,43,37,9,25,30,20,22,14,9,43,14,12,18,45,5,6,39,40,13,44,21,23,29,47,49,14,15,36,38,23,22,25,8,41,41,23,19,17,34,47,6,19,43,11,44,44,44,41,19,22,9,45,6,41,29,10,29,10,16,22,45,15,15,33,11,26,38,40,39,10,33,12,42,30,19,46,23,26,19,23,27,40,47,41,27,47,31,14,39,42
36,25,17,18,43,22,6,18,10,10,23,40,7,15,31,25,40,16,39,34,26,27,18,18,47,12,37,5,18,30,37,43,46,29,49,12,40,40,16,47,16,16,25,35,44,18,37,34,50,36,38,31,5,21,8,42,6,25,48,14,11,16,44,10,33,11,32,44,23,41,35,48,18,29,31,39,30,10,37,43,45,37,27,48,20,19,49,44,31,35,31,34,48,10,8,18,25,33,46,6,30,38,33,18,41,19,24,33,23,16,39,17,27,29,45,33,42,46,45,50,43,42,32,41,47,15,12,9,17,14,29,35,44,43,48,35,20,8,13,22,23,14,25,8,17,27,30,34,31,47,18,15,43,38,7,22,29,29,46,30,46,6,13,22,7,48,47,13,9,46,30,35,13,36,43,41,27,44,36,6,35,21,31,17,34,46,38,13,39,36,48,23,16,36,19,44,48,28,14,18
46,25,15,35,29,27,14,14,19,10,18,20,19,19,45,49,15,9,49,8,42,7,40,16,5,8,27,17,33,29,18,27,19,29,48,43,33,24,35,28,7,27,42,19,15,21,50,45,20,27,44,28,48,22,8,7,20,18,26,36,10,43,22,21,34,20,33,6,30,11,38,33,10,43,48,45,48,35,36,26,27,23,44,49,34,6,8,28,47,32,35,9,44,32,12,12,5,18,18,14,26,43,19,17,30,8,40,33,31,25,37,15,48,39,16,29,43,37,33,7,15,30,24,12,18,20,34,17,43,20,19,13,50,47,14,47,22,12,9,11,21,45,36,44,39,44,43,32,45,25,43,12,9,12,25,27,26,46,24,43,6,48,22,48,38,26,41,27,8,11,11,5,30,18,27,9,20,45,45,28,19,33,31,45,47,36,7,33,37,31,34,25,34,30,15,32,8,29,11,13
6,22,25,7,16,39,22,42,18,15,44,12,46,34,50,13,13,27,40,39,39,20,25,12,30,10,25,28,19,49,12,48,42,16,49,22,28,39,46,36,27,6,13,28,18,16,22,47,49,25,27,15,25,26,37,13,18,39,23,17,18,39,15,13,46,20,8,44,41,49,11,46,8,31,50,48,29,48,29,19,47,19,30,44,37,24,8,24,47,5,27,37,26,19,17,17,9,36,30,48,21,41,35,12,38,8,5,29,6,35,20,33,33,39,34,8,22,27,36,46,36,24,35,15,45,45,36,14,34,31,38,18,15,42,49,19,29,47,38,11,5,14,18,45,20,41,41,19,13,45,29,29,8,23,27,12,19,31,43,50,8,5,30,43,27,10,14,7,36,45,36,46,9,17,10,21,23,42,32,33,46,13,7,7,26,21,47,7,28,26,30,22,9,8,10,29,20,27,25,23
7,12,31,19,46,23,33,27,25,37,22,7,15,7,13,41,10,36,30,32,44,23,15,44,32,24,24,7,21,44,31,43,32,18,6,27,22,41,17,42,34,39,10,5,30,7,11,9,23,16,27,49,14,29,17,32,43,18,43,15,24,49,13,34,17,43,47,23,6,19,39,24,47,33,37,30,27,30,14,32,48,21,18,35,26,29,18,41,49,37,37,41,31,37,11,34,30,7,8,49,13,44,18,28,44,39,17,8,24,30,35,45,50,9,25,28,7,10,23,48,30,39,6,47,14,38,48,18,11,45,39,43,9,44,27,28,15,45,45,7,43,29,34,23,20,35,45,6,32,16,20,48,33,31,9,19,23,43,27,15,19,22,30,16,13,19,43,8,31,44,31,18,44,32,16,31,34,27,18,24,33,22,49,36,10,13,23,30,11,7,39,23,49,50,6,10,25,44,48,44
49,28,5,38,7,35,37,48,11,18,15,35,11,24,18,23,32,43,16,13,8,35,15,35,16,8,12,18,33,30,26,20,49,46,26,43,45,22,8,40,19,40,38,32,42,31,20,28,49,45,28,10,42,49,29,32,42,28,10,46,9,49,31,32,8,13,47,47,40,19,27,6,38,13,8,39,35,49,34,43,8,33,33,5,23,30,18,39,48,29,11,8,41,28,42,18,40,14,19,47,22,46,42,15,16,7,20,49,24,37,13,34,33,9,35,6,28,42,16,17,20,29,18,47,44,17,24,11,17,46,22,7,26,27,40,10,22,11,35,21,35,9,19,11,46,37,22,11,22,23,41,35,27,28,11,44,19,9,9,22,19,11,42,20,10,17,41,32,33,9,21,21,41,41,17,36,28,41,5,38,34,43,9,39,26,41,26,13,34,44,20,36,32,26,43,29,24,15,20,34
16,39,13,28,44,21,16,36,31,25,16,46,49,7,8,48,15,34,28,42,38,6,14,18,34,48,18,23,34,40,12,44,12,5,19,29,24,22,49,13,27,32,44,44,42,14,17,7,38,23,8,45,12,28,48,47,43,44,43,28,42,32,12,11,31,35,19,25,7,31,49,36,35,40,30,45,16,14,22,26,17,31,20,8,31,43,5,41,6,46,10,15,37,23,6,14,28,6,8,41,19,21,38,12,21,19,14,39,8,46,47,41,32,24,45,27,9,40,12,30,12,43,16,40,49,5,30,14,15,32,26,14,48,10,22,18,37,15,37,30,13,11,32,44,8,20,31,36,11,21,38,8,47,45,44,6,14,24,20,44,28,38,43,17,8,34,9,8,21,23,24,45,15,36,40,48,35,19,11,13,30,49,50,41,13,12,21,37,17,10,43,28,41,20,31,12,23,33,28,49
30,48,8,31,24,43,22,41,12,7,47,10,19,33,32,15,30,42,29,9,39,30,41,16,44,33,7,35,22,31,39,33,41,43,23,30,18,43,26,24,15,33,23,27,29,12,37,15,14,11,25,34,42,14,8,37,33,38,46,14,29,29,17,21,40,6,14,36,12,17,45,48,27,10,11,19,36,10,8,7,26,17,12,23,31,9,16,26,15,12,22,44,45,30,40,30,39,27,45,25,17,48,30,46,22,45,43,23,11,5,46,49,13,28,41,14,24,28,24,37,45,45,27,49,34,14,16,23,9,26,6,36,41,23,24,23,10,13,6,45,31,39,25,13,34,8,19,43,24,27,28,11,42,21,44,21,41,11,10,45,9,7,43,12,26,38,6,35,30,20,25,25,34,6,17,17,43,26,38,21,29,49,42,42,35,33,6,12,48,47,11,11,29,7,47,43,38,50,11,26
36,13,33,16,30,32,36,48,40,34,31,31,29,27,9,22,50,22,46,16,32,35,46,12,28,42,25,23,31,42,12,13,11,26,17,27,11,35,29,8,17,20,34,21,44,48,5,37,29,18,22,27,16,10,24,50,41,5,28,30,10,39,17,6,16,21,35,16,10,39,34,20,23,15,6,8,8,42,15,17,46,44,23,29,7,9,33,18,24,43,5,16,35,46,41,16,30,45,33,37,30,26,17,28,19,42,43,13,41,39,28,8,21,21,31,33,5,6,28,15,30,6,20,18,12,31,13,15,36,14,12,31,32,19,27,42,34,47,35,26,13,48,35,12,19,11,48,40,37,41,41,9,14,48,21,7,20,37,43,35,40,50,28,16,36,19,47,46,27,42,45,12,22,28,15,45,27,43,46,48,24,49,19,5,7,39,40,47,34,44,43,13,15,19,31,12,50,5,9,20
19,24,28,27,22,24,38,35,19,33,31,35,29,44,10,24,17,9,27,7,19,16,24,29,14,30,10,45,27,27,24,33,15,34,32,23,26,33,32,22,26,7,26,27,14,44,22,17,49,7,17,30,46,30,39,11,26,42,8,37,13,46,49,12,14,47,23,43,45,6,33,21,26,41,21,43,19,8,10,31,44,5,32,21,17,20,47,47,10,47,28,7,44,8,36,7,16,27,26,33,10,12,21,27,10,49,11,48,37,31,48,45,16,44,21,44,29,13,30,32,35,36,35,10,18,44,19,28,21,49,29,35,7,13,38,17,11,29,30,7,43,10,28,31,14,11,27,45,36,25,28,49,25,22,45,34,42,45,49,37,40,21,39,33,19,6,12,23,24,29,5,32,35,5,21,21,38,7,11,17,45,31,40,45,45,33,39,30,17,18,20,10,32,35,46,44,22,13,26,20
23,45,34,13,46,32,25,48,41,13,35,14,16,16,30,21,39,36,48,50,42,12,19,38,21,11,22,40,17,47,8,29,8,16,36,41,26,19,12,39,23,21,8,44,19,7,10,16,33,35,7,22,7,33,35,31,10,28,7,40,36,38,40,20,40,8,30,5,37,36,31,24,10,9,47,18,39,42,33,38,46,14,37,15,42,22,33,32,8,48,5,29,13,7,8,13,35,21,31,20,32,34,38,8,16,19,46,48,27,7,28,6,29,43,14,11,25,20,12,27,20,15,14,11,14,45,9,32,5,39,30,46,23,42,34,33,44,47,43,22,9,49,8,31,36,25,16,20,47,8,26,30,18,6,41,47,15,10,23,46,47,12,19,20,21,41,37,38,12,21,35,48,50,30,31,47,48,12,22,19,50,16,11,44,24,43,29,12,16,7,16,9,34,7,17,9,37,25,23,49
45,21,8,46,8,24,27,31,49,34,38,34,41,6,8,49,47,43,22,32,8,24,11,38,30,43,38,37,10,19,13,24,22,46,32,19,22,39,38,42,28,47,17,12,8,49,19,29,29,9,9,40,48,22,49,35,12,43,24,7,48,20,22,46,44,44,26,23,28,40,39,48,27,23,6,17,42,17,20,15,20,13,6,32,49,20,9,42,49,22,22,31,11,13,27,42,32,31,36,8,26,17,36,8,43,36,43,41,46,18,29,46,11,6,33,28,30,43,24,24,22,42,37,12,46,7,36,46,6,10,24,9,49,24,12,45,10,50,6,13,33,32,32,9,47,35,20,11,48,41,48,38,25,14,40,35,15,25,13,12,27,28,21,47,18,43,8,46,35,42,38,32,11,23,32,35,15,15,46,34,14,27,27,18,41,45,27,40,33,43,17,34,6,16,12,21,8,43,49,12
7,44,44,13,33,14,48,29,26,42,15,10,14,8,15,17,42,23,9,43,21,49,8,34,28,40,48,25,45,40,26,7,28,19,48,16,30,48,37,27,8,38,29,23,21,21,28,34,9,34,48,11,47,31,20,13,11,33,30,24,49,25,29,48,36,35,33,18,38,46,12,24,12,27,27,42,22,22,36,46,31,39,26,29,13,15,37,19,44,22,28,31,26,7,49,9,21,47,19,44,13,19,31,8,36,13,39,30,18,30,18,24,44,24,45,20,8,35,35,8,30,30,10,12,43,22,32,14,13,23,37,27,9,16,12,33,18,17,37,30,45,20,29,16,18,11,47,29,41,16,36,24,19,22,50,11,22,25,29,22,10,35,33,16,41,6,45,39,13,35,8,48,15,38,43,44,32,11,9,22,33,28,20,8,37,39,48,39,31,34,48,34,6,32,42,42,26,21,13,7
