15,35,39,17,21,35,35,30,25,23,10,46,49,18,13,44,44,44,15,23,21,47,9,19,32,42,33,7,11,8,49,46,23,50,15,21,24,47,34,27,35,11,6,21,43,15,28,39,33,22,33,32,47,47,32,32,14,5,13,21,47,5,24,30,47,25,6,41,6,9,28,15,19,47,34,12,9,8,41,43,27,32,13,45,40,26,10,32,48,17,22,19,38,29,46,27,42,30,9,44,31,37,48,7,31,33,41,46,23,19,22,25,20,23,33,19,9,7,30,27,27,15,12,39,8,33,40,12,18,14,44,37,7,36,11,12,7,9,14,26,9,18,16,8,17,41,43,26,11,19,45,34,18,8,47,11,26,23,33,26,33,49,26,26,49,34,41,21,40,47,11,40,22,14,40,9,50,10,36,30,49,35,28,20,12,10,12,5,29,43,47,22,36,14,40,36,25,24,31,35
40,38,48,32,10,18,29,18,34,24,16,50,9,16,21,27,20,35,15,30,17,38,19,30,6,9,39,33,40,6,18,8,23,35,45,15,23,33,15,20,42,16,31,39,35,20,19,8,49,32,13,11,14,18,48,35,21,8,27,29,38,47,31,20,31,17,13,33,19,8,7,6,28,7,46,40,45,16,12,21,22,8,33,12,16,9,33,49,12,45,42,34,23,28,40,34,9,9,18,39,20,46,15,31,32,11,45,21,42,44,40,22,37,15,32,44,14,13,23,29,10,32,37,38,12,17,19,22,49,48,9,21,26,37,42,11,37,34,33,17,23,15,36,47,44,48,16,35,50,49,44,40,41,29,23,17,13,9,50,12,27,37,17,49,44,26,22,9,14,40,22,35,47,42,33,39,9,49,48,31,35,42,48,37,33,26,21,16,21,20,12,36,40,39,20,7,5,41,46,45
26,11,31,25,31,8,20,30,13,29,18,11,34,46,49,47,38,41,15,25,18,31,28,21,6,34,49,19,31,21,38,21,24,29,28,23,43,16,24,9,48,17,11,10,37,42,22,35,14,34,5,36,37,13,7,10,46,25,11,21,16,36,35,25,9,16,38,20,20,29,49,14,17,7,44,21,34,37,11,14,26,40,19,42,37,34,27,16,20,48,24,50,7,29,46,47,39,39,31,38,42,7,5,17,13,41,46,12,10,48,10,20,42,9,42,19,40,47,44,25,8,10,49,23,25,49,48,28,46,18,36,15,6,33,13,24,28,12,42,40,24,22,26,45,30,24,44,43,16,43,25,43,14,32,31,29,6,41,45,25,33,36,42,25,22,47,35,27,11,9,49,23,17,9,28,13,48,9,40,29,14,18,37,39,48,9,25,44,22,35,41,23,40,32,17,26,41,16,39,9
5,36,24,17,17,12,14,14,24,39,8,22,22,5,36,15,23,43,15,28,7,8,14,26,37,37,7,48,48,11,36,15,17,41,41,41,37,38,13,7,24,39,24,22,35,23,10,31,7,40,8,22,26,30,35,7,9,12,34,15,26,48,42,42,7,50,28,26,18,10,41,24,18,34,24,50,11,40,33,26,49,28,8,47,29,6,39,24,24,32,28,11,21,7,25,19,45,37,21,49,13,8,5,30,19,14,43,20,35,15,10,28,6,37,10,12,48,20,34,21,11,20,31,45,34,47,22,44,42,44,14,10,9,8,21,23,24,49,23,40,28,38,49,19,16,17,30,17,27,9,19,10,13,12,45,32,50,14,22,29,9,17,42,38,29,10,16,21,48,12,16,35,24,30,34,18,7,19,42,48,5,25,12,26,35,27,25,25,14,8,29,17,13,20,16,7,29,50,39,26
15,30,45,37,31,9,5,7,9,44,13,19,46,46,38,43,23,31,29,36,10,20,13,37,42,25,18,7,12,15,39,16,46,22,17,22,11,31,23,38,44,49,26,14,22,8,7,38,23,44,34,13,5,18,36,21,8,11,9,39,17,36,16,46,33,17,12,23,37,7,43,20,18,8,15,23,46,7,38,45,25,49,26,32,48,25,33,10,26,28,21,43,14,43,27,12,14,12,14,8,47,47,27,11,16,31,39,44,43,15,48,26,44,47,34,43,19,38,18,45,32,8,34,16,41,22,33,41,13,13,24,32,47,23,31,22,45,39,41,32,32,39,10,9,35,6,23,13,38,44,11,31,20,42,6,42,45,43,15,10,14,29,42,23,16,47,12,47,32,13,5,13,33,43,31,23,47,15,33,18,28,11,40,42,41,23,40,11,21,9,25,25,5,29,35,41,47,12,7,20
49,34,27,30,45,41,26,14,22,40,48,21,11,33,41,34,23,27,30,48,18,11,36,25,39,38,9,22,11,33,44,16,8,21,44,16,20,25,35,7,43,45,48,49,45,27,8,29,40,19,39,39,49,19,49,43,9,32,36,40,8,17,18,9,27,21,22,32,12,18,8,11,12,18,17,27,41,46,31,46,31,31,49,38,37,18,16,35,40,21,23,48,46,44,35,37,40,31,26,15,34,13,44,32,16,27,24,42,25,16,16,18,32,26,18,32,19,43,44,21,20,49,27,46,24,9,21,39,35,8,45,47,18,45,6,42,44,44,37,8,32,41,44,42,46,28,13,20,43,39,9,6,45,43,16,39,40,38,36,35,29,38,46,44,41,30,28,17,31,44,37,9,6,45,31,48,8,19,11,42,16,16,47,36,49,32,42,35,11,5,29,21,35,49,13,17,9,47,9,46
11,45,27,14,27,40,33,30,18,38,43,40,15,28,48,36,22,35,6,30,47,33,37,7,13,28,32,40,42,33,31,12,6,7,36,43,45,35,27,45,10,10,20,48,9,8,24,47,7,8,38,34,12,26,14,32,48,42,41,15,49,26,18,48,37,38,45,39,38,45,32,27,18,48,9,36,12,13,33,6,43,29,16,48,35,40,41,14,34,49,49,37,36,25,19,6,50,28,30,29,49,46,37,7,11,44,46,26,18,33,34,9,45,40,12,35,30,32,37,46,21,22,26,8,39,38,20,27,26,27,26,10,20,15,29,6,39,49,12,50,20,35,14,20,12,41,34,12,20,9,27,10,45,6,21,26,34,28,33,46,19,35,48,40,13,30,31,14,11,30,30,31,44,33,27,20,21,18,34,15,50,36,20,8,12,29,21,41,35,35,39,23,16,23,31,46,33,39,23,37
24,41,40,32,41,11,45,16,31,29,17,43,43,6,31,46,35,44,29,24,8,37,14,16,17,26,20,40,29,38,15,31,28,26,35,39,17,25,41,16,27,12,27,34,26,41,43,32,17,8,21,24,10,11,30,10,35,34,48,40,49,34,41,35,25,42,37,40,37,33,31,19,42,19,7,45,8,8,41,40,13,41,7,31,12,27,7,31,49,30,23,36,32,10,15,12,22,46,48,46,20,27,8,12,42,32,14,31,43,48,39,29,14,36,22,18,28,32,38,21,41,39,13,5,6,43,8,32,30,44,7,16,18,18,37,36,21,50,32,30,37,50,44,14,41,27,20,15,13,41,13,12,22,29,12,33,6,27,7,16,23,35,12,14,16,5,19,45,27,8,10,50,15,13,10,42,24,26,27,23,5,38,47,16,48,48,35,37,30,44,20,40,47,9,23,29,15,20,12,23
46,8,9,39,8,30,8,23,9,18,38,35,33,32,14,48,23,5,20,41,25,16,44,45,20,27,15,30,17,43,24,32,47,20,38,26,48,17,38,23,30,7,50,34,40,48,49,29,28,19,35,46,33,15,28,41,48,50,41,42,31,27,35,30,29,49,27,19,43,39,39,19,32,6,23,49,9,6,25,16,48,8,32,33,19,19,17,35,44,39,35,13,47,29,38,9,23,23,12,32,49,6,31,18,49,38,24,48,37,47,23,25,38,32,48,42,20,18,35,21,33,10,46,39,44,26,32,31,9,36,39,42,14,16,6,16,26,37,9,47,24,8,21,25,23,29,15,35,47,34,50,39,20,33,29,7,19,45,6,40,24,17,21,38,28,14,28,6,41,15,46,10,7,13,26,6,27,23,17,10,42,30,22,41,31,25,32,40,6,32,31,27,44,6,36,33,47,25,43,32
12,15,26,47,36,23,36,6,33,49,43,30,13,43,50,34,28,36,13,37,6,40,19,22,30,30,21,48,18,25,30,45,29,32,7,39,37,40,31,12,28,20,41,12,35,11,15,20,45,27,33,28,11,34,33,38,48,36,7,26,13,14,21,22,47,46,20,23,13,26,9,23,32,14,12,16,41,27,10,30,10,6,11,42,49,27,11,17,26,37,38,18,40,18,11,24,43,34,20,7,29,39,22,15,18,49,33,28,33,20,37,43,42,23,48,11,30,33,24,42,22,9,16,21,16,21,41,30,37,12,28,49,47,35,22,36,50,37,5,28,6,18,5,29,13,15,22,48,49,7,39,7,39,38,46,48,39,31,36,42,42,34,30,41,25,12,18,24,14,38,18,13,48,34,10,35,26,44,46,41,14,12,8,38,11,49,35,29,47,24,26,5,37,45,7,30,27,29,9,44
7,38,33,28,9,44,27,34,12,48,9,5,48,46,17,48,5,13,17,14,45,24,18,40,13,41,44,46,50,23,6,37,36,46,19,24,22,33,19,33,10,41,30,28,43,24,25,42,48,26,36,17,49,23,26,45,10,22,24,9,11,41,26,29,19,23,43,16,14,46,42,43,6,25,22,25,44,8,44,12,12,43,23,23,21,43,35,41,8,38,42,11,26,25,7,27,12,14,10,23,13,45,49,10,46,46,32,35,7,33,33,38,13,30,40,39,28,50,49,22,29,28,40,36,48,36,39,28,48,6,22,24,34,50,27,32,38,6,22,9,48,49,43,14,21,26,34,13,18,7,15,34,37,40,48,13,27,35,12,28,41,44,14,26,30,38,34,35,48,31,37,15,6,12,11,49,40,8,13,36,38,43,45,21,27,38,14,48,13,8,34,10,17,37,12,18,23,34,33,44
41,31,15,50,46,9,19,18,12,36,17,26,47,39,48,34,33,14,10,47,25,28,33,29,15,21,41,38,45,30,46,20,10,22,21,15,20,48,10,34,21,45,10,50,31,26,30,35,46,14,20,13,7,32,40,16,23,24,43,13,13,25,24,36,47,14,46,12,10,37,22,27,13,46,31,37,44,39,46,29,21,11,27,46,21,33,30,47,10,8,43,41,42,8,23,46,38,33,41,24,46,20,14,31,5,49,23,14,6,39,27,22,21,39,5,16,31,40,45,7,42,40,14,37,20,42,43,49,46,9,47,20,32,31,36,40,16,19,49,12,45,41,12,34,33,19,22,7,40,50,18,41,31,47,26,38,17,16,22,23,37,19,15,19,20,13,42,7,21,37,44,20,41,38,11,20,20,15,32,34,40,26,23,32,32,33,17,19,8,6,48,34,13,43,8,18,34,36,12,24
11,21,6,7,48,37,14,36,27,24,45,32,29,28,25,33,46,12,35,27,46,11,36,22,28,8,34,24,39,39,22,24,26,6,8,48,10,34,24,43,21,15,34,19,28,27,32,15,7,41,37,48,30,21,12,10,13,43,47,11,15,11,7,20,40,48,30,29,25,42,5,27,20,30,16,9,21,47,37,22,30,8,25,40,45,23,30,30,38,6,41,15,29,39,47,24,44,43,8,10,49,27,46,50,39,39,34,15,32,36,44,29,44,47,41,6,13,35,25,45,39,36,20,11,15,47,49,6,25,44,27,8,31,23,43,26,28,35,47,24,34,29,22,45,36,20,34,10,41,8,41,16,31,23,45,27,7,22,38,43,22,38,30,25,46,40,23,42,8,37,33,28,46,37,47,7,48,12,16,22,28,47,37,22,35,35,23,17,12,20,13,46,7,26,44,27,21,43,12,35
42,19,36,13,10,22,7,11,48,49,36,47,27,22,19,19,30,15,43,48,30,11,26,42,20,16,34,46,12,14,34,34,47,49,42,40,16,28,34,49,34,31,11,13,41,24,47,6,7,49,42,26,20,11,18,35,10,38,35,10,11,28,39,49,36,44,35,15,36,11,19,14,9,11,11,21,36,15,32,14,13,8,33,36,26,44,23,12,31,11,42,37,34,38,40,35,39,8,39,25,16,9,27,35,18,20,13,37,28,40,29,8,45,21,42,44,40,30,20,19,47,19,24,31,37,49,22,28,16,22,50,7,33,30,26,17,37,24,34,39,16,48,7,11,21,30,17,41,9,23,8,26,34,10,46,20,38,46,20,40,23,31,16,46,22,44,21,10,34,12,48,32,42,29,35,37,13,49,5,26,42,29,33,44,37,29,31,19,42,33,45,9,22,5,46,29,40,34,16,24
23,43,25,38,33,44,9,46,10,50,6,25,24,13,38,39,24,43,28,42,28,14,20,20,34,49,23,43,37,11,44,34,45,47,39,45,9,7,28,18,6,47,37,16,19,15,37,38,26,24,26,31,33,15,6,24,37,28,7,49,45,44,11,23,11,8,14,16,7,35,50,46,47,9,33,45,39,29,23,43,26,39,29,25,47,45,49,42,36,42,50,46,28,40,26,30,23,41,31,35,12,34,13,18,49,33,34,32,15,33,17,12,17,41,16,33,47,46,25,24,22,25,9,13,33,12,34,45,30,38,32,37,12,47,14,19,15,16,20,34,40,30,24,35,23,43,12,10,22,6,17,20,37,41,33,19,28,29,29,6,33,30,13,22,18,7,23,7,27,21,38,19,10,43,8,10,41,16,16,28,17,9,34,7,16,9,34,37,25,36,46,25,31,35,9,45,48,23,44,18
18,37,19,36,14,22,22,24,42,33,48,49,9,5,49,5,19,19,48,21,9,11,50,13,43,23,49,28,37,48,8,7,44,34,7,45,6,34,45,7,25,14,40,37,21,38,35,25,42,42,28,10,17,22,20,29,38,33,9,36,6,20,33,41,23,44,30,25,12,16,9,38,34,16,8,47,38,39,41,28,27,31,25,20,35,13,28,12,29,19,37,31,13,15,22,20,44,14,31,43,19,49,6,42,19,40,22,15,5,43,20,27,31,26,32,27,36,13,21,42,7,10,18,47,7,33,44,21,16,37,24,39,32,23,6,33,16,14,12,44,9,24,6,41,42,7,13,34,11,33,8,23,45,34,49,23,17,11,10,31,31,9,43,10,6,40,20,39,16,26,34,10,47,40,6,26,24,31,39,36,24,6,33,23,9,42,19,39,30,13,36,50,37,40,18,49,42,26,42,20
16,34,50,44,17,8,11,22,24,34,6,45,20,23,41,18,42,6,26,24,9,22,13,9,45,15,38,9,31,23,50,41,42,8,7,21,41,22,21,27,44,9,37,11,50,27,6,29,18,20,40,32,33,39,36,25,28,12,17,35,16,14,16,13,42,25,40,26,47,13,10,17,41,17,40,18,17,40,14,24,6,37,8,38,18,24,25,35,36,24,32,48,19,12,23,7,28,27,21,47,27,16,27,24,42,15,11,48,7,10,34,9,37,26,34,14,13,7,6,41,14,46,6,50,48,26,10,6,44,8,40,45,42,47,18,46,7,50,40,19,9,35,22,25,12,49,42,35,6,43,46,34,35,25,33,24,6,11,18,12,41,20,49,26,36,16,20,9,46,8,25,8,6,23,45,17,36,32,9,21,14,21,24,20,33,38,15,47,14,28,15,9,36,36,37,39,21,36,29,26
31,17,25,7,25,11,24,20,42,14,21,33,26,8,26,48,17,13,24,31,7,9,26,48,16,28,46,23,16,41,28,24,44,7,49,48,45,24,21,11,14,22,12,14,34,32,40,21,27,37,25,18,31,45,49,38,29,47,24,42,11,29,40,16,31,28,38,27,36,28,25,36,7,34,35,13,9,35,11,42,17,8,43,12,33,6,21,37,38,29,18,49,7,39,16,21,18,46,24,25,8,15,7,26,25,18,12,22,11,16,15,17,31,36,17,14,8,29,7,19,38,25,34,15,29,13,7,41,30,41,15,43,46,7,39,49,12,35,20,17,14,7,44,27,13,24,27,23,28,29,33,5,45,17,48,24,13,30,37,46,45,48,48,9,30,39,50,19,11,47,11,33,43,32,41,49,29,20,13,5,18,8,19,38,46,24,43,49,34,45,21,24,23,7,39,21,36,34,20,10
47,13,40,31,32,29,31,7,38,47,25,14,43,13,45,26,27,23,7,36,8,24,5,27,13,18,19,26,20,23,34,28,38,44,41,47,47,16,22,15,49,32,14,41,32,38,39,30,14,36,50,14,37,45,31,46,23,33,13,21,17,50,23,42,10,26,48,33,22,37,25,22,21,22,16,24,38,40,17,24,21,27,24,45,19,8,22,49,16,30,22,37,5,47,28,42,22,40,40,35,15,42,12,18,7,27,30,16,24,39,12,40,19,50,16,26,45,25,12,37,44,40,36,47,8,6,38,32,28,50,22,33,42,14,8,36,25,25,31,18,20,42,26,19,43,25,36,50,16,43,39,45,43,44,30,30,36,17,13,21,26,26,49,13,41,15,23,17,25,40,9,10,8,49,45,14,15,18,16,46,43,5,12,46,35,20,24,17,17,12,17,8,10,29,46,9,35,21,49,19
13,31,22,31,39,7,28,48,13,11,14,27,32,41,20,10,15,20,13,8,45,15,30,29,43,11,20,23,42,12,30,9,16,10,23,35,45,21,36,32,7,32,45,16,8,10,13,13,40,5,7,50,45,22,48,26,46,9,16,20,41,42,6,21,9,38,41,17,22,44,44,24,32,6,31,24,39,28,8,25,40,25,48,34,42,41,21,41,48,18,22,36,46,23,41,43,49,14,7,49,13,13,21,34,22,34,32,26,41,44,31,24,25,44,47,49,20,38,36,34,18,43,42,32,34,16,43,17,18,36,49,40,11,41,24,7,46,12,17,45,19,9,31,46,40,49,35,23,6,46,40,38,44,14,15,14,35,40,16,26,27,48,26,15,38,34,37,17,26,19,37,22,41,47,41,41,31,22,33,16,30,19,12,33,23,30,12,7,46,11,18,17,15,33,9,23,42,15,37,48
10,47,44,42,22,11,39,34,37,29,13,40,24,10,32,49,49,20,36,8,37,22,5,18,39,18,39,49,7,12,27,18,47,40,41,43,41,13,41,45,35,47,5,35,12,20,45,18,27,49,8,8,27,13,17,11,22,42,18,19,10,47,45,23,31,21,10,31,15,23,46,8,17,40,15,25,34,26,28,38,14,28,6,49,25,22,34,25,34,38,19,40,32,33,46,33,29,7,30,36,23,25,38,49,19,50,20,37,39,5,28,35,11,29,31,47,20,18,38,15,30,21,31,6,43,38,39,6,29,23,31,21,6,33,18,23,42,8,38,49,32,47,47,20,10,14,10,27,9,34,34,19,5,40,38,20,10,34,33,33,49,20,20,48,7,12,25,26,48,35,45,30,9,33,43,12,8,7,7,13,14,23,41,50,32,24,14,8,17,40,29,39,32,40,13,41,48,14,16,21
9,16,29,13,19,18,37,16,35,8,6,9,42,34,6,46,42,40,20,40,29,32,32,11,30,9,28,8,14,45,19,50,25,29,20,29,32,23,35,10,38,46,16,49,38,23,35,24,22,27,10,26,10,17,24,39,45,49,46,16,46,16,9,11,37,47,17,11,39,12,35,40,28,37,41,24,39,20,7,28,16,39,42,48,32,10,6,21,11,39,50,24,9,28,23,47,15,22,38,43,24,10,20,49,39,5,12,28,18,40,7,45,13,30,13,8,18,10,38,35,31,21,16,25,20,14,9,22,30,35,36,34,42,22,41,49,47,9,12,24,20,19,19,21,19,18,28,37,13,39,41,46,7,46,47,37,28,39,12,28,14,32,31,16,19,49,49,17,8,9,32,47,29,37,15,24,27,45,22,10,8,44,41,44,5,26,17,13,39,33,17,48,46,19,19,46,35,34,40,34
28,43,20,9,7,29,19,6,33,16,23,22,22,21,21,14,13,29,24,5,41,16,15,9,22,39,36,36,10,28,27,10,12,40,18,22,14,24,18,44,49,16,13,12,33,38,44,7,43,16,41,27,36,33,35,10,35,15,29,25,14,39,6,48,38,32,31,23,32,35,21,32,20,15,46,29,28,10,42,48,40,10,10,34,22,49,46,8,48,16,38,43,11,15,14,41,19,47,28,30,42,49,19,8,29,24,40,15,45,10,10,32,7,27,37,46,11,42,36,33,5,6,8,6,16,31,39,8,7,14,23,36,19,29,42,42,11,21,49,10,48,27,15,6,16,20,17,42,7,32,7,26,22,6,49,33,38,38,13,49,42,18,26,13,10,10,22,12,11,20,26,48,29,37,30,21,31,27,37,34,30,43,29,7,33,21,39,15,21,12,43,36,24,23,43,11,49,50,23,11
37,46,11,33,23,13,22,41,42,28,21,45,41,45,46,27,34,7,17,36,27,13,8,31,8,35,17,15,15,42,6,23,42,40,44,30,28,35,22,49,20,34,48,49,39,32,29,11,32,13,33,13,7,27,46,46,31,14,27,25,8,19,27,19,31,19,39,16,46,49,39,46,48,21,6,14,15,33,6,20,33,24,35,30,6,8,48,12,39,45,22,12,46,45,37,23,45,32,33,20,22,33,26,50,35,49,31,18,44,33,47,38,36,12,21,37,27,49,27,17,25,42,28,33,33,36,35,42,10,35,31,46,50,47,25,38,15,21,46,17,22,12,28,30,11,37,6,48,23,25,27,38,23,7,44,35,23,5,21,48,30,27,28,38,30,40,27,21,28,14,43,31,40,19,46,48,39,34,32,16,33,21,34,10,29,36,46,14,25,39,48,42,43,45,25,43,14,20,23,10
14,47,24,22,41,39,44,37,14,45,37,42,49,40,6,9,22,19,42,8,36,16,18,38,8,45,24,17,28,49,15,50,26,40,27,29,33,33,12,28,50,33,44,38,35,40,16,13,18,8,40,6,31,39,47,11,31,38,24,11,34,38,11,37,28,17,17,20,12,13,28,37,14,17,7,43,27,20,32,30,10,14,19,49,33,18,36,43,21,18,22,37,33,25,23,28,9,33,9,45,48,19,15,25,17,42,48,17,5,46,25,32,45,5,11,46,20,16,5,14,13,46,32,43,25,42,45,9,7,5,40,23,15,34,24,36,39,27,43,10,43,45,26,35,22,36,27,37,43,18,30,38,27,33,25,17,27,8,42,50,44,30,17,7,9,25,28,38,39,27,11,22,17,7,42,33,7,20,44,20,24,21,28,49,15,44,41,23,23,30,18,9,28,6,35,37,26,48,28,32
32,45,16,30,16,8,10,14,12,8,35,17,23,17,47,34,5,30,23,24,11,16,36,7,36,21,11,18,30,10,27,21,20,33,35,6,49,12,43,11,22,33,41,37,8,11,28,27,44,36,12,42,35,30,36,13,36,27,33,35,21,10,32,22,32,20,48,32,14,17,22,29,33,32,50,10,41,22,12,39,48,32,21,46,31,23,31,19,8,18,15,39,21,38,26,15,20,26,18,18,17,29,30,32,29,27,34,10,38,24,34,20,29,15,5,44,26,9,37,42,28,26,13,40,29,35,23,30,12,23,20,27,13,50,29,47,44,17,43,13,9,27,9,5,34,30,5,9,40,45,23,40,31,49,41,48,15,21,31,7,10,11,40,10,34,6,31,31,12,16,11,30,32,7,14,8,24,33,23,42,12,36,5,25,13,14,31,20,16,12,37,43,33,39,15,47,37,13,37,14
8,45,42,25,25,41,49,21,6,9,43,46,32,46,32,48,7,34,5,35,38,8,24,30,21,7,21,41,37,37,33,28,9,10,9,19,38,38,45,15,38,12,15,13,17,12,15,9,12,40,23,37,8,15,12,22,7,18,44,36,36,17,25,33,22,20,31,37,12,16,8,23,46,22,22,13,43,44,44,36,28,7,19,25,38,9,36,25,9,37,48,38,38,24,33,42,15,38,49,20,12,50,48,32,41,49,47,33,23,29,26,48,8,36,11,32,15,6,27,40,37,10,24,8,19,18,38,42,36,32,50,24,49,14,39,32,26,44,44,13,33,10,27,16,9,45,38,48,45,21,45,11,37,32,35,18,13,27,22,18,24,27,14,33,14,46,18,29,39,14,16,22,12,40,11,49,19,34,42,26,45,47,9,14,38,29,8,17,25,46,15,31,33,27,5,8,25,6,11,17
49,43,49,20,6,45,7,48,22,10,38,23,36,28,47,50,39,11,10,29,19,44,37,34,50,35,40,42,34,38,10,21,25,34,30,11,26,44,9,30,13,6,34,11,37,38,34,36,32,12,22,14,21,5,9,25,43,13,28,8,26,41,17,48,16,12,26,47,5,6,32,27,17,41,11,49,25,48,22,49,50,13,15,7,49,34,16,27,38,21,10,41,21,35,43,45,24,45,30,17,31,39,48,9,18,14,32,44,42,15,31,32,10,6,39,25,31,26,18,13,36,48,18,12,38,22,8,12,42,19,11,5,15,20,14,30,8,17,37,24,41,19,8,27,33,24,40,26,47,16,38,46,28,18,7,42,29,34,16,45,38,22,48,45,19,27,16,40,28,48,36,8,16,11,20,36,48,47,37,22,40,17,16,24,46,15,26,34,20,44,30,20,18,37,22,27,22,5,45,13
49,44,34,43,33,37,8,32,25,22,13,41,49,21,27,37,15,39,50,14,31,48,12,18,5,42,5,27,17,8,20,41,25,18,48,28,49,16,43,7,14,20,11,38,24,34,44,12,10,9,23,26,21,26,12,35,23,43,11,6,41,16,35,17,42,27,14,43,33,11,47,6,6,37,35,39,10,37,37,6,37,22,35,27,42,38,44,10,50,8,15,26,48,28,12,49,9,45,19,13,48,20,13,19,10,19,27,24,10,10,30,28,16,31,46,9,26,37,31,43,37,9,48,13,43,34,35,28,43,28,13,20,32,41,7,47,15,6,40,15,17,19,23,50,42,48,29,32,43,11,11,38,24,37,49,30,49,7,23,8,15,46,38,15,29,32,43,25,5,12,20,22,45,15,37,27,5,31,16,50,17,24,9,29,9,46,35,34,17,14,19,10,40,8,18,34,6,49,14,43
19,26,18,36,26,20,13,23,33,12,20,21,40,26,24,15,14,17,42,24,46,41,34,22,49,36,14,26,33,46,16,43,40,15,30,16,7,21,10,46,36,20,6,39,24,8,45,12,25,41,48,17,45,37,10,9,20,39,32,13,30,8,38,15,42,14,12,16,31,30,19,27,15,39,29,21,40,7,25,48,45,17,35,19,38,19,21,29,26,22,8,28,7,39,24,23,7,26,45,6,23,18,19,22,10,36,37,31,23,32,48,46,11,39,31,40,13,16,11,17,23,14,22,16,16,24,20,15,43,24,23,49,11,45,22,45,32,50,39,15,22,8,19,17,20,9,26,30,40,19,12,11,17,9,32,48,24,17,8,45,23,39,43,27,17,12,24,45,30,39,34,37,40,17,27,37,49,22,47,49,18,17,10,11,39,42,29,14,26,36,42,47,26,31,36,5,34,23,35,8
44,42,36,27,45,35,19,35,19,13,31,25,43,31,28,6,36,43,6,42,12,43,33,10,13,34,21,9,48,10,21,44,7,6,12,42,12,42,45,18,33,47,49,9,28,12,12,20,12,38,25,37,46,30,13,16,41,32,42,44,38,30,16,30,5,37,16,39,22,37,34,17,33,39,20,30,39,47,26,50,49,15,20,47,26,30,45,21,47,48,33,32,39,9,36,22,34,27,40,50,7,32,9,43,17,47,13,17,46,23,41,49,48,48,26,16,48,6,50,12,9,39,31,47,28,26,14,30,9,30,30,24,45,32,10,11,22,30,23,37,33,36,8,22,39,29,27,13,7,31,17,17,37,36,34,36,36,16,8,32,38,17,9,38,26,46,9,32,28,47,5,23,15,49,24,7,46,14,21,12,43,41,8,32,32,28,30,39,6,25,13,42,19,21,26,25,5,40,13,13
45,41,19,32,20,41,31,35,39,49,24,29,10,26,46,34,36,11,6,9,48,6,36,21,9,24,48,42,24,28,28,29,37,20,15,31,36,49,20,44,17,13,25,35,34,49,49,7,13,32,34,48,17,30,43,12,15,33,24,46,26,49,49,31,32,13,8,41,29,34,37,41,35,15,36,37,41,12,15,35,11,26,37,22,30,21,15,6,14,31,45,15,48,26,42,9,18,18,18,37,6,19,17,26,43,49,10,35,12,35,36,35,23,44,42,21,20,26,26,46,38,14,39,8,21,46,25,30,36,36,22,20,44,22,38,15,35,18,24,15,41,29,47,19,49,43,22,44,6,28,28,24,27,14,18,41,13,11,44,30,36,10,31,32,28,19,49,47,25,39,17,14,28,21,43,23,47,20,25,28,41,26,26,7,5,48,31,38,47,15,21,43,22,36,28,50,34,14,42,15
30,31,27,35,11,5,42,41,28,41,11,19,10,22,31,48,31,22,47,32,21,19,47,15,16,18,33,24,17,26,18,5,40,24,48,32,32,22,45,32,18,44,17,12,40,6,49,31,33,20,28,28,32,42,31,37,42,36,18,41,6,17,18,30,11,34,21,24,45,15,22,16,12,31,23,17,9,11,36,26,11,13,28,40,12,23,9,44,41,5,15,24,40,15,29,36,40,25,48,47,34,20,5,12,12,29,38,45,24,22,40,7,26,8,47,44,25,16,11,30,29,22,31,48,43,40,22,7,8,20,19,36,24,26,30,38,45,11,25,22,35,22,24,38,6,18,14,12,35,33,38,12,41,13,29,49,41,20,17,10,15,36,8,25,6,9,22,44,27,48,19,49,31,20,40,35,47,17,14,41,47,49,36,5,39,29,46,43,13,16,20,28,31,27,7,13,20,37,14,9
20,41,16,46,19,48,15,15,11,19,12,32,21,23,14,31,29,43,12,6,30,42,41,25,41,18,7,7,24,49,26,41,9,12,18,12,43,42,31,40,43,48,32,48,7,43,22,25,19,35,32,47,10,17,19,22,22,33,43,34,16,41,5,43,49,18,17,17,41,17,34,20,27,49,32,7,45,34,28,31,32,22,6,48,7,18,8,6,29,43,26,40,16,14,20,47,24,34,39,11,39,48,47,28,22,30,47,23,15,27,24,44,41,18,44,33,35,12,46,8,19,38,37,15,46,9,17,11,11,8,18,20,37,6,28,28,22,17,23,10,41,26,41,22,7,48,12,20,10,44,5,21,21,36,36,17,27,27,7,48,36,12,27,49,18,47,18,17,11,32,18,7,30,19,19,40,16,37,46,20,7,25,19,6,12,43,42,45,40,48,45,32,11,41,47,34,38,18,33,15
30,24,41,31,32,27,6,9,32,39,21,33,25,35,8,39,33,35,12,39,7,28,21,22,8,11,28,35,47,40,44,21,41,28,33,42,40,43,16,25,24,24,25,35,48,32,20,21,35,43,21,31,41,32,26,42,33,18,32,41,9,45,30,12,29,37,44,20,19,39,45,8,24,9,22,17,12,7,10,23,40,14,46,39,31,38,12,35,40,13,14,22,31,37,48,40,37,30,14,45,27,49,35,23,47,24,47,43,48,46,43,36,18,43,25,23,5,33,32,18,18,16,39,25,36,43,37,27,12,6,32,46,44,14,21,16,46,19,12,43,45,21,47,43,45,26,20,36,24,44,48,17,25,38,31,26,26,34,34,20,15,13,44,49,14,20,34,47,26,27,38,36,37,21,23,6,26,32,15,8,23,11,46,26,12,43,31,39,8,49,22,29,40,5,18,22,42,31,35,47
33,42,11,30,8,48,35,30,6,14,26,28,49,27,12,35,15,14,6,32,35,8,40,24,13,20,44,17,22,11,23,29,28,27,38,6,15,23,32,31,6,31,29,19,45,45,23,43,31,44,36,40,25,6,24,34,21,7,17,6,26,42,37,16,43,9,31,17,6,12,22,6,17,16,32,16,23,39,11,34,44,47,7,35,15,34,20,5,38,18,14,12,40,19,18,29,43,44,39,18,41,34,20,30,34,36,48,37,17,32,44,39,9,10,44,26,35,31,10,15,45,24,37,50,35,10,21,47,34,19,25,38,8,17,33,38,14,17,27,39,31,23,20,21,27,21,25,42,7,25,48,44,20,27,29,33,6,39,14,8,19,12,31,29,45,37,39,13,43,37,37,20,9,41,29,27,34,19,35,10,25,30,19,34,42,19,27,40,31,20,41,19,38,5,37,44,44,35,31,12
29,9,13,18,39,47,49,9,20,23,38,12,24,36,22,19,46,24,20,34,15,36,32,17,30,47,33,46,9,11,26,15,44,6,7,40,29,43,28,46,22,46,23,7,12,17,12,47,45,32,50,29,28,15,10,36,18,47,6,47,20,15,19,25,27,40,14,6,25,45,12,12,21,10,13,27,21,19,31,31,6,49,44,42,22,32,32,29,31,7,37,39,6,12,21,8,29,12,33,32,47,31,39,47,45,42,48,16,32,33,6,20,27,39,50,9,29,41,11,22,14,21,40,26,7,14,21,41,43,26,44,10,18,23,10,50,49,37,47,48,25,19,40,15,17,7,17,24,28,20,23,19,22,44,9,37,28,23,50,30,37,49,33,9,11,41,14,12,16,28,32,21,21,31,35,28,39,35,16,21,32,22,12,29,39,26,42,48,8,20,28,37,15,19,22,25,32,11,24,10
48,28,10,33,17,17,26,14,31,50,12,46,13,19,5,44,10,25,41,37,47,37,13,48,14,39,32,42,48,30,25,31,22,15,17,47,43,40,12,13,49,14,20,29,18,50,29,43,24,16,25,17,28,49,24,11,13,23,26,40,37,41,23,40,48,27,28,24,43,25,48,22,48,45,9,29,22,19,12,25,34,10,26,46,25,13,45,13,31,23,6,43,39,16,21,8,48,20,8,20,33,17,30,5,26,41,39,13,27,15,40,44,46,36,32,47,50,19,20,12,28,26,17,18,7,28,39,40,46,6,11,18,40,20,24,16,13,27,15,25,43,22,30,38,15,9,34,6,16,48,20,22,19,8,41,20,46,43,10,25,14,8,29,16,23,30,28,41,16,14,40,17,19,19,42,19,47,19,29,26,10,32,30,45,35,35,7,11,28,25,46,5,34,35,13,18,23,37,25,39
14,26,21,40,30,13,34,35,35,36,37,30,45,26,5,21,7,36,9,45,12,25,48,26,28,11,7,6,38,8,47,22,22,42,21,31,46,27,15,37,41,46,47,40,30,35,7,10,23,39,38,27,43,5,10,6,24,40,35,41,38,33,24,10,45,23,40,48,49,36,10,49,9,16,31,31,39,43,34,9,34,11,8,44,5,6,28,12,24,14,23,19,17,40,23,27,36,30,37,12,5,14,12,19,49,35,14,34,26,22,11,6,45,40,32,23,13,31,46,34,11,46,26,33,44,20,17,34,43,46,17,20,37,18,35,35,20,36,7,27,8,32,11,47,44,36,14,30,47,18,43,28,48,8,37,25,18,14,44,38,46,14,24,9,50,28,35,45,28,21,39,26,36,40,12,44,15,40,26,46,7,41,10,14,46,43,22,33,10,8,21,19,29,37,26,48,40,48,40,27
5,47,45,26,26,48,13,7,8,15,10,17,26,44,12,22,31,46,48,9,44,15,16,11,25,15,25,26,31,26,49,24,19,16,45,7,17,39,17,25,41,48,15,44,12,24,6,50,31,14,22,37,24,48,32,36,15,12,49,43,12,7,44,48,16,43,11,21,35,26,48,32,25,38,16,45,11,29,40,35,14,42,41,22,25,37,34,19,41,14,42,42,34,18,20,46,44,10,36,30,9,34,35,5,11,32,13,9,29,8,31,11,38,32,32,9,46,26,18,14,27,24,15,22,38,48,47,12,19,26,15,49,45,43,17,46,41,45,44,47,21,46,29,9,27,25,33,18,15,44,44,24,36,20,16,36,23,17,20,32,32,17,35,8,46,14,38,6,33,39,31,49,43,13,29,41,18,20,48,42,34,43,11,17,14,17,20,32,19,31,27,11,23,17,33,36,14,16,12,40
7,11,22,41,31,43,19,14,28,33,15,38,47,12,32,31,11,29,39,39,39,43,20,22,48,18,42,8,23,20,20,32,8,47,41,15,48,37,10,19,30,16,21,29,29,12,27,30,20,39,19,47,6,9,44,40,46,16,37,31,16,24,29,6,19,9,48,12,38,15,27,9,41,34,50,15,47,11,22,39,18,5,33,45,36,25,16,25,22,22,40,9,32,12,36,12,47,13,44,28,19,24,33,39,20,9,21,41,35,15,22,34,38,30,29,37,17,15,18,21,49,34,22,36,41,28,28,42,12,34,22,11,11,13,45,48,15,36,39,16,49,28,37,32,25,15,48,24,13,14,21,33,42,45,8,49,8,20,8,29,25,25,6,27,29,33,45,13,19,23,25,23,27,19,47,48,48,41,39,38,21,26,44,17,43,24,10,22,45,50,15,30,33,13,5,13,47,41,23,8
50,14,42,26,6,23,36,49,47,49,21,9,34,39,30,41,50,44,12,33,46,46,32,42,30,26,20,17,46,16,47,45,23,16,42,43,28,15,7,49,35,49,44,41,45,30,14,40,28,23,41,48,47,29,38,10,23,38,42,29,6,14,39,10,7,39,22,6,46,23,41,32,23,23,34,14,36,20,33,50,45,11,32,27,27,14,44,30,38,12,42,45,7,25,31,14,10,47,38,40,38,17,48,25,31,17,26,8,22,47,29,6,38,24,17,37,48,40,47,31,18,20,40,48,9,11,48,18,12,10,29,13,44,18,9,15,29,26,16,23,34,36,45,30,31,36,32,39,39,30,36,47,24,16,7,27,40,8,36,42,13,12,18,35,5,11,44,22,28,8,40,49,34,44,36,29,26,15,25,21,13,41,38,13,33,45,40,25,26,29,15,9,48,40,14,16,19,12,14,25
22,14,36,8,13,46,32,43,27,22,6,41,38,12,33,9,8,34,41,23,30,42,17,11,20,17,9,20,17,26,8,19,24,12,10,11,30,9,42,20,30,7,22,9,17,33,24,15,30,12,25,23,7,49,6,32,18,16,34,20,27,28,24,34,28,12,32,45,36,29,12,34,41,16,16,22,28,38,6,20,26,17,6,14,36,6,31,11,30,31,32,15,24,5,6,16,33,28,17,40,9,18,19,29,23,39,34,17,37,21,30,37,31,38,12,37,27,46,34,18,19,48,30,12,22,46,50,24,15,40,9,32,47,15,22,26,37,46,7,9,44,5,38,35,35,46,30,17,29,9,21,11,12,24,41,21,18,16,36,49,31,32,9,21,44,8,48,44,39,6,39,38,43,15,8,41,11,21,17,24,14,42,15,14,45,40,32,43,36,26,35,37,37,47,47,28,7,13,21,29
30,45,33,12,14,24,10,27,25,46,49,37,8,19,49,12,30,43,20,42,34,43,19,34,13,47,44,17,31,34,40,36,30,41,49,21,29,19,28,8,47,23,46,15,49,17,14,25,49,9,48,26,39,31,34,8,39,26,10,7,33,27,24,24,11,22,48,25,41,46,37,44,46,24,7,17,16,42,32,11,22,34,43,34,25,49,31,40,37,29,30,43,47,12,8,16,40,13,29,24,6,34,48,34,17,6,6,39,25,38,14,46,45,38,14,7,44,8,37,20,24,28,32,27,46,12,11,6,10,13,48,40,28,24,13,8,31,32,48,26,23,50,42,17,13,45,42,31,20,28,29,45,20,21,44,35,23,23,18,13,29,17,9,7,35,6,24,26,40,5,20,14,25,26,36,31,45,19,43,31,45,5,22,6,10,35,47,43,32,23,20,12,49,34,39,40,48,31,20,23
14,40,37,18,19,44,28,29,36,10,35,6,13,16,33,36,11,21,48,13,41,25,33,28,35,40,19,29,11,42,30,43,11,15,24,7,32,35,20,7,6,43,24,14,37,16,13,10,49,9,20,22,46,11,33,41,9,41,35,48,48,26,35,20,6,29,36,11,27,11,32,6,10,21,32,6,22,12,9,35,17,35,17,30,11,49,8,19,25,23,13,38,38,28,29,29,28,36,20,24,29,32,17,7,20,25,48,38,42,40,11,46,30,11,24,5,19,9,35,13,41,16,49,43,25,8,28,19,24,7,35,32,15,34,15,39,16,14,44,30,36,6,18,12,36,19,43,33,29,40,45,20,36,29,39,44,28,7,40,11,17,38,37,39,11,25,9,43,12,22,41,12,7,36,45,30,25,26,6,16,15,14,11,43,22,47,15,34,29,48,13,49,21,34,46,21,24,22,40,12
31,13,42,7,29,19,36,34,45,9,28,5,30,24,45,35,29,25,13,38,47,46,25,37,11,17,45,32,48,42,45,16,39,11,37,9,5,48,47,40,21,49,30,34,9,48,12,15,19,17,8,45,46,5,20,45,12,25,47,21,38,47,47,30,15,17,42,18,31,13,34,50,34,10,16,30,41,28,35,27,22,36,34,36,8,16,26,49,36,25,36,23,30,42,12,37,17,24,46,13,16,10,46,41,14,32,21,23,24,8,23,20,46,23,15,25,25,24,33,44,6,16,34,32,38,34,45,17,27,37,37,44,32,22,5,28,11,35,14,20,8,32,30,34,29,18,15,29,12,37,32,28,36,7,20,35,25,10,14,32,29,28,34,22,20,33,14,7,7,16,45,20,40,37,7,22,38,24,12,37,10,7,7,40,29,7,19,23,39,43,36,41,31,37,16,41,43,17,46,45
36,32,28,42,42,12,33,28,31,43,35,13,41,28,24,43,15,15,11,25,19,37,22,7,24,43,21,11,41,41,44,50,26,50,47,40,34,27,31,32,12,28,25,7,37,15,23,43,28,22,25,10,44,6,27,6,22,33,17,42,21,8,8,18,32,27,39,31,14,46,18,23,27,44,35,29,10,37,16,7,14,36,48,45,48,28,20,15,23,19,23,13,26,28,30,34,44,36,25,20,32,28,12,14,48,37,50,25,15,48,37,26,21,36,41,23,23,36,11,6,45,42,38,47,12,12,49,21,35,25,46,20,28,50,19,13,47,34,8,14,46,33,18,31,16,6,11,37,32,42,39,12,41,36,42,34,24,21,8,22,24,23,22,35,13,38,26,37,22,27,7,24,17,46,45,36,29,14,27,47,10,23,47,48,29,44,49,42,40,42,29,21,45,13,11,23,11,27,18,40
26,45,12,19,18,10,33,14,33,40,20,11,10,14,35,9,38,28,18,28,31,37,33,13,22,25,47,25,24,34,8,9,29,24,38,40,7,30,30,28,17,18,15,11,28,44,29,19,26,36,17,12,38,22,27,6,28,32,14,20,23,34,47,14,32,13,45,46,34,35,12,23,28,42,30,31,13,27,40,18,18,15,25,30,11,36,47,20,19,9,25,10,9,7,47,15,34,38,40,19,13,31,46,23,23,46,27,40,12,29,21,6,39,30,47,49,28,37,41,31,42,42,17,36,17,9,5,42,47,7,29,17,45,28,45,29,27,33,48,47,37,46,19,27,11,21,35,7,42,49,37,23,36,46,32,40,37,17,36,22,27,41,28,12,46,46,31,49,19,34,28,24,29,20,36,25,46,14,17,44,31,19,12,35,12,30,49,27,25,50,31,31,27,25,9,35,14,9,13,33
10,47,35,43,10,13,31,13,26,46,37,30,33,34,15,5,40,19,20,37,14,26,37,41,24,16,13,14,46,17,42,24,15,12,43,37,23,15,22,27,39,45,34,44,29,16,5,38,28,22,8,14,21,35,46,49,28,48,32,18,34,38,38,21,20,10,29,17,23,12,5,49,20,49,43,32,19,14,32,37,23,46,19,23,27,33,29,15,26,8,35,22,34,21,45,13,21,37,35,31,19,28,31,18,33,30,14,16,32,11,19,17,39,30,20,44,44,19,41,25,39,41,27,32,45,39,20,18,22,27,45,49,42,42,49,19,20,5,28,50,29,38,32,28,16,25,13,41,14,31,10,8,49,18,42,13,37,32,22,18,40,47,40,18,47,37,19,15,41,44,5,13,25,47,22,11,17,23,7,48,45,42,24,19,46,49,24,7,39,47,29,35,44,15,30,42,50,30,19,24
47,22,34,24,18,41,35,18,43,43,47,19,11,12,41,23,12,25,30,42,16,20,39,22,22,45,19,18,12,11,24,37,14,27,15,47,37,28,22,8,48,26,23,16,26,19,19,46,14,11,8,36,20,12,18,7,22,37,9,42,45,6,32,10,25,49,16,30,6,29,27,10,15,10,7,36,33,40,22,37,49,10,46,11,43,16,34,37,47,6,37,43,15,48,13,20,23,14,9,46,39,19,22,28,41,28,35,30,35,13,36,10,48,15,32,18,38,25,13,24,34,7,22,30,30,33,47,9,45,48,25,8,36,31,14,15,15,36,46,11,10,34,50,34,12,8,23,41,12,10,16,8,16,8,38,18,31,37,34,26,14,28,9,18,16,17,20,31,45,7,38,34,21,6,28,38,46,34,19,30,41,48,44,45,45,11,40,39,37,35,36,11,14,36,44,26,31,6,6,18
