48,23,25,40,11,29,42,32,38,31,34,41,8,14,38,26,13,6,32,31,38,21,41,42,10,22,44,22,21,26,14,32,43,24,43,21,39,30,44,30,42,9,15,36,42,22,13,16,37,40,29,17,31,20,6,29,11,38,30,22,49,37,46,32,45,42,31,12,32,19,30,35,38,44,14,33,38,46,39,8,19,17,34,13,20,34,12,10,34,29,12,21,16,26,48,42,37,22,17,43,26,41,39,12,6,32,25,25,43,23,24,11,25,30,29,29,45,18,28,30,12,37,42,18,8,27,35,39,35,15,20,28,18,23,34,49,35,23,18,12,41,26,12,19,22,5,6,14,28,42,27,40,29,35,38,13,34,16,48,19,42,47,26,38,35,19,5,28,40,23,11,36,39,14,17,18,6,43,42,28,18,25,14,18,33,35,49,19,23,30,50,27,27,35,8,7,44,40,15,30
17,32,47,45,27,40,5,46,13,11,38,14,20,43,50,47,28,26,38,14,26,47,24,18,34,47,15,10,32,6,37,7,17,19,45,21,15,8,26,11,33,25,13,46,18,33,24,50,50,33,39,23,43,29,9,7,17,14,30,21,19,48,12,47,24,23,34,30,17,6,39,27,19,45,5,15,31,41,12,45,34,21,10,8,44,11,45,32,24,38,36,50,13,12,28,19,47,43,20,48,30,13,46,49,40,23,18,45,43,7,27,34,46,49,10,49,27,49,34,6,15,48,19,28,7,48,14,11,43,47,44,9,48,10,9,33,38,29,30,25,41,41,24,11,15,27,25,45,13,30,47,9,10,25,34,12,46,9,15,35,10,37,47,20,35,8,42,16,5,47,15,45,45,30,21,16,29,35,35,13,35,13,48,33,48,24,33,45,28,32,20,22,28,45,15,22,28,8,40,37
28,23,18,34,14,20,39,20,35,38,33,37,35,12,49,48,37,50,44,32,14,47,17,15,14,25,18,19,25,25,7,22,8,42,12,20,34,17,32,43,8,43,31,50,21,11,24,37,10,37,28,38,28,8,37,27,14,42,34,15,37,11,43,40,44,15,22,10,48,19,43,47,39,18,42,15,23,6,11,43,25,28,26,30,22,26,19,32,41,31,40,24,18,40,27,25,45,45,31,18,20,7,48,6,40,23,18,37,41,35,37,36,16,16,24,41,40,23,24,30,22,38,43,27,48,33,41,12,41,29,26,42,25,14,48,32,20,17,14,49,12,25,40,42,49,41,32,23,8,24,47,48,11,10,29,21,38,43,9,46,28,48,41,39,44,47,37,27,35,9,40,27,22,43,36,30,10,44,40,8,34,42,14,9,43,16,45,34,21,7,20,7,27,31,33,14,35,26,19,11
18,34,45,18,11,11,43,9,21,36,16,17,19,20,12,12,45,25,43,20,29,28,43,5,17,7,42,38,27,8,47,41,20,38,6,45,22,43,25,47,45,20,23,17,37,34,35,10,19,45,9,26,22,39,24,37,16,42,11,36,19,6,12,12,45,35,7,32,36,31,29,40,21,35,42,19,17,34,18,47,21,45,44,30,23,19,47,22,44,7,6,11,9,8,37,6,46,50,39,47,17,18,12,28,7,22,19,10,16,13,9,37,15,47,32,11,29,25,8,40,34,32,35,13,46,26,6,48,14,44,42,15,18,5,6,37,18,7,19,16,31,15,38,28,39,28,17,35,17,7,24,48,6,44,27,43,36,35,12,13,37,31,24,15,28,23,46,33,43,24,29,17,41,46,26,49,39,36,39,9,42,24,32,12,47,43,35,49,45,49,12,46,15,25,36,40,27,5,49,10
24,49,15,48,26,48,33,26,32,7,44,22,30,46,38,39,44,17,31,46,17,45,39,37,43,38,40,6,34,45,7,26,36,26,30,7,46,34,38,11,31,20,25,12,12,31,50,31,25,32,23,44,41,22,18,36,26,22,18,24,20,42,48,7,35,48,48,22,9,24,6,9,30,15,13,7,14,25,40,7,30,33,14,44,38,42,29,27,48,41,20,21,28,23,17,38,12,43,13,30,39,16,29,11,37,26,16,47,21,37,13,6,39,14,16,35,26,11,22,24,22,43,43,45,39,29,38,31,5,43,38,19,18,50,19,35,31,29,43,31,45,43,30,6,37,31,35,6,29,5,42,50,23,22,46,23,25,21,9,22,12,39,46,41,35,28,30,34,6,29,19,36,49,8,26,31,43,13,26,40,7,8,50,13,49,46,17,9,6,36,38,13,26,36,38,42,12,47,41,29
47,27,33,48,45,30,26,13,20,23,16,47,17,13,26,27,17,29,39,38,46,14,14,34,14,6,6,25,11,26,36,21,22,46,41,26,44,28,49,34,14,46,31,43,17,25,13,33,20,35,34,33,31,6,43,14,21,8,15,15,39,30,45,47,12,36,50,16,22,22,47,8,45,35,49,21,26,29,30,45,23,32,8,26,28,14,33,8,37,44,46,46,20,30,31,29,33,9,32,7,30,34,30,22,11,31,23,12,12,8,20,50,33,40,36,34,8,42,20,13,43,7,25,32,38,49,9,18,19,25,20,11,43,41,19,23,37,35,9,31,40,42,41,43,9,15,8,23,49,30,30,28,33,12,14,30,41,39,21,26,18,44,16,23,15,22,28,37,39,35,29,35,29,30,35,26,39,6,19,29,16,7,9,11,19,46,41,30,22,32,43,43,40,31,14,37,29,38,49,39
44,6,11,49,29,43,46,5,48,47,12,38,24,15,35,20,43,33,45,33,17,25,17,27,38,12,48,6,32,27,43,32,9,45,14,12,34,7,21,6,12,40,18,13,10,39,43,19,33,14,15,28,26,16,26,5,8,35,22,35,30,46,37,30,43,33,14,48,44,29,7,43,48,23,15,49,34,25,8,47,16,8,49,6,31,29,39,23,48,28,37,30,14,28,6,16,43,8,40,41,18,42,43,22,32,45,47,47,33,21,31,21,16,43,18,20,7,12,45,44,41,17,38,22,22,16,23,20,37,49,12,28,18,9,28,5,34,12,40,40,30,29,36,10,43,26,40,47,25,44,39,43,39,13,32,43,12,49,21,47,31,8,23,43,29,12,22,15,45,45,47,7,10,28,10,28,7,27,32,30,35,14,5,22,44,9,10,43,46,43,33,18,45,49,28,47,36,39,7,49
47,16,17,48,7,23,33,45,14,38,26,34,30,22,37,22,36,15,37,11,48,25,48,35,15,18,16,29,20,46,13,44,47,6,49,47,14,26,43,25,50,39,17,6,9,21,7,49,41,40,48,41,45,24,12,34,27,25,35,13,32,18,48,41,39,11,40,16,19,48,15,14,38,34,18,42,13,34,27,11,13,43,12,45,15,23,18,30,45,44,10,8,45,7,13,49,34,47,46,23,28,22,11,42,18,29,17,48,45,33,36,10,35,19,41,42,42,13,36,6,34,43,5,43,32,15,16,45,29,23,6,41,50,42,49,20,8,19,25,47,39,26,27,36,21,44,23,7,47,33,45,6,31,21,43,14,49,47,42,11,27,35,42,11,16,24,28,48,33,32,30,50,44,20,11,50,20,27,20,14,27,35,48,12,17,39,7,35,17,34,39,36,13,9,41,39,29,28,28,18
45,21,7,50,10,7,24,18,15,33,44,22,40,39,12,36,22,6,18,12,24,35,9,5,23,48,10,14,5,37,18,6,15,19,20,22,41,43,35,47,21,40,10,48,17,43,31,5,12,24,25,35,41,33,34,45,15,45,28,10,22,29,23,17,47,44,33,34,30,31,19,6,27,42,50,14,8,34,15,9,28,38,37,24,36,30,23,32,30,28,41,26,15,12,9,28,39,12,42,7,35,7,43,10,26,8,20,5,34,9,15,44,45,26,26,15,20,24,36,7,32,40,47,15,27,31,13,42,22,27,7,34,7,42,47,38,35,15,28,23,43,36,33,20,36,48,27,6,19,9,5,24,17,8,24,8,7,15,41,13,9,19,27,6,14,13,41,44,14,41,36,37,11,25,28,9,11,41,7,41,10,8,27,20,33,43,29,24,28,38,37,31,23,34,35,39,22,37,41,48
40,22,8,29,40,20,33,26,10,36,22,49,37,44,21,25,24,18,32,22,45,11,8,23,16,7,14,17,34,31,30,18,49,16,28,12,35,25,11,20,37,46,17,27,11,22,16,10,34,10,8,34,25,9,42,43,25,20,49,39,37,49,32,18,31,21,36,31,35,10,17,36,20,45,17,39,47,49,10,43,25,24,15,5,37,16,21,19,11,19,15,19,35,35,14,36,14,10,8,34,15,26,27,35,9,6,31,46,14,26,28,35,50,38,28,43,19,44,48,47,7,7,9,21,12,16,15,29,34,32,9,11,28,29,49,6,8,11,28,37,48,15,22,10,45,19,41,6,29,46,37,19,27,6,22,37,26,44,48,13,16,17,35,35,41,6,13,10,38,48,24,25,41,24,48,20,43,32,45,46,37,26,44,44,41,27,45,44,12,26,26,45,35,27,25,31,45,33,40,21
5,23,40,30,40,49,15,27,20,47,35,17,30,37,5,21,23,6,28,31,38,24,40,15,48,28,12,8,17,6,33,21,9,42,8,49,26,29,42,14,14,35,43,8,36,24,13,21,31,16,10,9,38,28,35,12,5,34,25,19,27,22,44,42,9,40,33,12,20,49,44,36,34,25,46,33,21,13,49,48,33,44,17,47,43,19,39,28,9,21,16,7,15,17,27,22,46,25,47,16,20,37,43,48,38,37,11,14,10,49,33,16,11,22,36,47,37,28,41,32,43,27,16,26,16,13,7,15,5,41,35,36,8,49,28,12,20,36,47,18,28,26,46,20,13,47,34,45,50,12,36,16,42,10,23,10,30,6,31,39,16,9,37,29,24,17,23,21,7,29,20,34,17,24,19,20,6,15,13,6,21,6,30,19,11,43,10,41,37,37,14,34,43,46,29,43,20,9,48,21
9,47,25,30,36,47,21,39,24,31,41,33,11,24,48,12,8,46,10,30,46,17,8,26,49,19,44,16,44,37,42,18,34,49,38,22,47,47,47,44,20,49,9,43,18,14,15,15,8,29,20,17,13,44,20,43,21,22,16,30,16,39,10,37,48,36,28,24,41,46,19,28,49,37,30,49,36,11,21,10,25,43,45,35,25,24,18,33,33,32,34,12,30,16,47,32,49,7,22,6,9,23,10,46,35,22,5,46,46,6,40,40,33,36,27,47,31,26,26,44,33,22,41,38,36,30,43,42,20,21,6,39,42,34,15,24,11,49,33,23,47,19,7,46,8,32,27,5,10,36,46,29,15,35,38,40,31,33,50,48,26,21,5,42,31,38,27,10,29,16,28,46,22,19,7,39,38,37,28,50,43,32,10,30,25,12,8,50,30,21,31,24,21,7,49,10,44,37,7,50
49,9,30,11,8,28,6,30,27,25,13,29,12,21,43,27,21,29,41,12,20,11,20,35,37,39,9,44,17,28,40,46,42,26,12,16,33,16,14,25,9,36,9,8,25,21,10,43,40,23,27,34,22,45,37,44,37,18,6,20,17,42,32,48,20,43,42,12,28,7,23,44,9,15,49,33,12,36,14,45,22,19,25,25,18,40,31,46,43,48,46,39,36,27,32,18,46,7,38,41,8,12,50,10,39,14,34,9,13,5,6,40,49,45,24,49,7,18,27,48,50,39,13,15,9,38,38,42,8,39,18,47,43,31,38,23,32,13,41,18,18,31,12,16,42,39,48,32,20,49,6,47,16,21,36,13,20,34,41,25,6,11,48,45,37,46,28,30,32,12,13,9,41,37,13,8,5,9,16,42,18,48,46,26,31,14,36,38,11,30,37,10,31,38,31,13,41,42,32,47
43,8,7,44,45,39,9,9,18,22,26,13,37,16,42,36,10,46,40,19,29,21,25,47,25,33,19,19,11,38,36,43,27,43,8,11,41,35,14,20,35,43,44,32,40,26,32,17,34,36,17,25,13,10,22,25,33,23,44,21,42,31,26,7,35,24,49,11,39,7,13,44,38,19,46,45,44,5,7,47,40,9,31,11,15,9,34,35,29,43,47,40,32,41,24,38,27,45,29,24,6,13,15,44,11,15,13,41,12,29,9,13,50,18,25,42,32,39,40,23,27,33,30,30,22,13,15,47,8,5,13,11,16,18,13,6,22,32,29,11,10,7,50,9,48,21,35,49,40,20,33,30,23,29,44,23,35,9,23,29,48,29,34,35,19,26,35,17,22,46,47,42,20,12,8,21,36,13,26,47,38,22,16,11,6,41,31,20,27,46,7,19,36,20,13,21,19,29,7,34
34,36,37,15,33,20,49,29,44,40,31,36,44,30,34,38,11,43,49,28,32,38,25,27,31,16,49,37,31,29,14,27,45,21,11,50,34,43,25,31,45,43,40,17,13,46,34,27,8,29,42,10,25,45,29,11,6,23,26,17,24,19,14,50,31,45,36,13,47,12,49,47,12,5,47,12,12,41,20,43,10,38,49,29,12,5,34,22,32,45,33,25,37,16,36,10,25,32,45,28,42,6,29,14,14,27,29,36,30,8,25,15,15,50,48,47,43,29,7,26,26,28,27,25,20,12,25,16,29,40,18,27,35,36,36,38,31,36,41,26,17,46,46,46,45,17,19,30,25,38,20,37,46,45,39,47,10,32,16,11,16,17,21,29,17,39,12,25,34,27,12,27,43,35,11,32,17,42,46,35,40,10,28,33,50,30,21,43,41,33,36,38,28,28,15,25,22,24,23,42
44,42,48,34,37,30,22,25,26,28,8,29,18,30,10,15,26,27,15,41,24,20,29,20,8,24,41,36,18,36,8,41,29,12,34,18,41,11,6,29,16,40,22,43,40,9,35,12,49,14,33,24,22,41,15,28,32,12,39,49,24,36,50,29,18,30,17,14,44,5,14,29,37,7,25,47,44,38,35,26,7,39,10,9,41,18,43,48,22,36,35,27,26,6,18,43,24,48,40,23,5,46,47,5,46,32,13,35,9,32,19,43,35,10,19,17,41,29,23,25,39,26,41,15,29,34,21,48,23,26,37,6,14,37,24,42,31,29,47,34,45,36,44,5,44,28,49,9,49,8,27,42,42,11,23,39,20,24,37,23,5,7,26,7,15,40,28,50,50,6,6,47,46,19,11,34,23,24,47,36,39,7,13,34,28,20,20,6,6,14,38,31,33,9,17,37,15,33,13,36
47,26,38,42,35,14,16,28,27,21,14,36,10,50,31,7,24,15,48,20,19,7,44,18,12,16,7,42,46,15,29,12,36,38,7,32,35,23,14,9,49,23,43,26,17,39,30,17,30,17,25,9,30,47,7,32,44,42,30,32,41,31,15,41,48,17,29,10,27,17,48,44,38,24,7,21,28,14,48,33,23,22,23,37,12,7,21,24,30,17,12,46,26,6,10,22,23,22,28,40,40,15,44,44,16,19,45,13,12,33,27,26,19,15,31,14,45,22,38,45,14,46,13,24,5,48,35,33,37,6,49,15,23,23,11,15,29,41,12,41,9,32,15,13,39,13,17,22,23,45,31,27,18,10,14,18,38,18,18,21,39,35,12,34,34,41,25,12,19,8,14,48,7,25,37,18,47,28,30,8,36,28,29,13,20,42,33,22,18,44,50,10,20,24,38,32,24,12,42,20
9,30,7,35,12,7,12,9,33,28,44,7,27,29,41,21,41,48,14,32,28,41,28,9,5,44,12,7,40,41,5,42,34,26,8,42,45,37,15,49,26,10,43,33,31,37,21,6,6,47,29,40,49,39,15,12,49,28,24,11,40,35,15,47,23,12,28,20,29,34,33,10,45,12,14,46,11,49,24,48,50,18,43,18,7,40,29,44,22,14,17,35,49,49,49,21,10,32,48,39,5,33,31,42,32,6,38,45,9,15,44,27,11,9,45,44,37,23,31,22,26,49,41,8,29,23,9,11,6,39,23,34,15,29,44,33,32,29,35,30,18,47,12,48,15,7,41,27,30,39,17,6,24,10,37,5,19,13,31,44,21,14,29,22,23,18,21,25,34,29,6,25,49,7,9,11,5,46,7,12,14,9,47,45,33,32,32,17,13,38,41,41,9,27,5,46,25,46,33,30
47,42,17,42,11,15,18,17,36,13,33,50,40,16,17,44,24,23,7,7,48,12,48,17,31,11,14,25,27,10,7,25,46,27,34,42,47,42,29,12,23,28,25,50,31,41,16,42,41,44,30,36,46,20,16,33,32,36,32,22,44,25,23,43,30,34,8,33,32,47,50,26,43,27,5,34,12,48,32,46,42,23,26,46,36,26,25,25,42,7,33,45,18,30,44,40,36,11,19,30,13,40,14,28,27,42,13,33,26,21,49,42,32,46,20,38,12,35,34,27,15,39,17,12,12,20,20,12,38,40,7,40,32,22,26,43,50,15,46,25,30,11,7,29,20,7,36,10,11,25,6,11,10,7,13,29,48,48,22,29,21,12,20,46,46,25,49,31,42,24,19,30,12,10,22,42,42,21,40,15,24,19,20,32,10,29,23,18,45,23,44,47,20,50,41,47,44,16,23,43
33,30,16,20,27,16,46,28,30,18,6,26,27,35,39,9,43,22,38,23,15,12,22,26,9,36,13,28,39,50,37,14,6,26,37,31,36,36,43,46,44,35,44,25,10,6,47,34,17,30,35,11,32,19,45,11,43,42,29,47,6,23,15,47,32,41,26,43,44,5,43,17,9,25,38,47,25,47,37,44,19,35,28,29,15,32,43,43,28,47,34,47,37,35,27,19,36,24,41,15,14,39,34,13,23,11,26,32,13,20,41,25,35,21,47,33,5,18,19,47,7,16,9,49,20,38,13,8,37,31,46,19,40,22,26,22,17,49,48,22,22,42,46,26,13,22,8,17,44,28,5,38,27,42,7,32,34,20,16,19,43,22,12,28,13,36,48,49,14,8,11,40,31,35,5,15,28,26,19,23,24,7,5,15,29,41,17,9,22,7,26,30,14,42,12,43,27,11,14,36
5,12,46,25,19,19,21,44,45,14,25,24,24,49,34,7,13,45,23,44,16,28,47,31,20,24,34,22,9,24,11,28,43,10,21,23,26,10,43,32,44,26,37,14,12,33,47,16,37,29,22,16,6,48,44,39,40,42,12,31,49,35,46,45,49,32,22,28,31,7,6,42,9,38,42,15,42,25,27,22,15,29,17,39,47,11,6,22,20,35,12,50,5,27,11,48,26,32,12,50,33,11,7,39,14,12,20,34,21,27,24,8,6,17,38,42,21,36,30,50,37,29,21,44,25,15,39,46,47,11,29,41,42,24,36,41,30,8,50,20,22,34,49,39,40,19,42,49,37,39,42,26,41,48,14,37,48,35,25,35,13,42,18,14,48,26,20,11,34,8,42,6,10,22,26,5,24,25,40,7,45,43,44,19,7,40,34,29,10,48,24,17,19,20,43,18,31,49,12,31
19,38,30,39,24,19,10,13,42,42,38,40,14,26,28,48,6,33,21,19,38,44,50,9,12,45,39,23,9,31,28,10,18,40,10,44,16,49,38,25,42,8,6,15,42,26,24,34,37,5,13,14,23,25,37,9,41,27,26,43,25,34,14,7,24,35,38,43,43,35,11,12,5,48,48,35,15,26,28,11,6,11,25,28,9,43,43,44,42,10,22,41,12,20,14,32,22,41,14,16,23,49,17,34,13,8,29,34,38,39,20,14,47,40,29,45,11,31,15,45,20,10,36,17,38,38,31,25,36,13,14,19,34,14,22,16,26,12,25,20,9,46,30,30,30,14,14,25,39,36,18,43,43,30,38,28,37,43,40,18,33,23,37,15,7,10,24,42,24,28,18,10,44,17,31,46,17,14,28,7,33,27,21,32,18,34,6,22,44,10,6,20,43,44,16,24,46,30,27,47
11,18,11,9,26,16,43,42,26,44,29,23,39,29,42,41,31,34,34,41,11,10,16,49,35,9,47,28,8,47,5,38,47,22,14,23,38,13,34,24,42,39,24,39,7,40,36,44,37,17,13,39,10,20,16,44,28,29,15,36,21,20,43,14,27,38,13,17,11,17,33,31,34,35,10,12,31,33,37,36,6,49,17,7,44,14,39,18,48,14,36,31,46,8,48,21,21,7,50,6,30,49,6,33,20,45,7,19,12,21,13,19,20,42,23,19,16,28,23,25,7,31,26,23,29,44,45,39,45,25,44,16,32,24,14,11,37,9,35,6,10,16,40,8,11,13,29,26,5,49,49,27,34,14,21,23,41,12,27,27,7,9,35,34,45,12,50,37,11,37,35,35,22,46,35,16,36,33,48,8,47,19,30,43,26,16,29,10,35,42,25,33,43,49,24,34,10,47,8,22
19,43,37,38,50,34,11,10,25,34,26,8,7,40,34,35,49,21,31,15,40,23,32,31,10,35,40,16,43,33,42,11,40,24,8,32,33,30,47,48,5,30,41,44,33,38,14,46,12,34,23,22,17,35,10,27,45,10,24,40,40,21,7,40,22,15,7,21,12,32,11,37,22,37,20,19,20,23,9,21,17,31,39,29,44,42,42,6,28,48,44,21,13,28,45,40,16,21,19,44,44,21,49,48,17,44,36,40,47,14,30,27,48,16,46,48,33,6,30,23,41,6,43,30,28,42,7,33,33,37,33,17,9,31,21,12,43,17,6,21,23,12,8,11,42,32,33,32,42,38,43,17,43,30,29,44,48,36,9,25,48,36,9,15,37,50,37,19,29,12,38,14,9,17,34,41,47,35,15,7,7,28,44,26,50,47,31,17,21,5,43,49,17,24,27,35,20,26,38,13
37,33,23,35,38,18,10,7,6,18,6,35,25,48,49,37,27,42,27,12,49,25,6,39,42,9,18,42,45,49,27,19,20,28,11,21,24,19,40,6,21,26,44,35,7,45,39,24,44,43,39,22,33,33,18,22,30,33,34,43,42,34,29,21,44,44,9,50,7,36,20,39,21,31,20,7,8,38,33,16,6,21,34,14,48,31,28,33,30,40,22,29,24,24,31,47,24,11,21,6,42,41,39,17,49,46,17,47,43,30,12,28,32,7,32,24,15,13,50,37,46,7,18,47,39,19,16,26,20,11,12,28,43,38,39,25,40,24,17,33,13,17,15,49,18,36,46,29,50,16,41,34,6,40,29,15,22,38,42,35,34,42,31,26,42,50,39,22,34,49,31,40,19,23,17,29,44,38,23,22,27,27,11,41,22,19,25,23,27,39,45,14,9,7,18,13,33,42,11,19
45,40,42,39,5,11,12,9,20,10,17,6,46,45,47,48,37,6,15,38,16,21,32,45,24,10,50,35,24,10,15,49,34,6,36,8,50,22,12,22,11,6,37,16,29,24,32,39,28,19,48,42,18,31,44,9,25,10,31,23,11,10,18,38,21,30,21,11,10,41,34,44,49,37,6,16,24,34,5,39,30,23,20,14,30,40,38,27,42,16,20,22,46,8,7,24,42,40,5,25,21,24,34,38,7,15,24,24,19,46,50,15,13,12,27,27,31,46,26,41,26,35,33,31,40,26,33,36,43,42,27,15,48,48,18,20,26,16,20,30,9,49,23,10,11,42,39,23,13,47,32,36,14,40,15,5,40,33,10,8,48,6,35,49,30,31,6,35,43,9,21,48,39,35,27,6,15,33,48,41,34,20,10,42,43,28,13,22,49,11,47,41,24,40,30,50,21,36,25,23
25,25,28,19,46,49,17,25,16,26,5,30,23,27,19,25,34,25,47,14,15,7,25,10,45,47,32,31,48,39,34,13,39,32,50,29,34,6,21,21,28,9,45,24,9,41,8,25,31,6,6,42,49,49,42,33,49,32,43,8,49,47,13,37,27,28,10,9,26,13,37,23,36,6,7,22,40,48,23,5,42,10,33,7,18,13,25,45,10,16,45,15,41,18,19,8,33,18,6,11,36,9,49,23,33,30,28,32,23,5,43,23,14,19,27,29,45,45,45,36,26,49,10,32,23,33,46,46,33,15,8,39,23,33,6,43,22,38,40,11,12,28,17,38,8,9,34,28,49,29,9,30,19,15,48,27,47,28,24,12,19,43,23,15,30,23,43,29,25,26,9,8,7,27,50,15,16,29,26,25,5,37,10,30,38,35,24,25,43,35,44,30,44,17,13,40,31,35,12,8
29,41,13,33,35,19,31,36,37,43,37,39,29,34,22,42,46,38,39,24,46,41,20,13,13,7,6,48,41,24,27,45,7,13,29,7,15,44,36,24,37,38,5,18,10,16,36,25,46,16,35,38,9,19,29,10,43,45,17,24,49,23,16,21,49,50,16,12,23,36,22,42,33,22,7,38,17,7,22,18,23,49,44,20,32,21,49,7,23,11,6,42,13,27,9,36,6,18,27,50,39,47,22,12,37,36,44,44,7,11,37,45,17,21,46,34,24,9,35,8,18,20,30,14,33,37,14,15,16,18,45,33,38,22,33,36,46,31,18,30,31,33,18,23,18,35,5,9,31,17,14,20,27,12,45,5,12,36,31,13,43,25,28,33,26,28,20,50,44,45,35,5,5,44,34,35,11,35,40,21,5,14,23,45,38,26,39,30,7,43,26,35,36,49,9,44,29,16,14,21
26,14,38,11,11,14,16,12,33,44,6,14,43,28,8,30,38,20,28,17,9,14,10,26,14,31,36,8,48,33,48,38,16,45,9,33,6,27,23,39,49,20,33,26,28,25,33,18,43,29,35,25,31,20,15,5,42,12,6,30,37,24,39,22,14,19,7,6,12,25,8,40,48,14,42,39,23,29,36,34,21,35,35,15,44,24,28,37,49,20,14,8,9,39,30,46,28,47,18,49,20,33,14,25,43,26,45,28,31,41,20,5,41,32,9,13,25,43,10,14,12,10,20,11,24,48,36,14,19,28,26,22,42,25,36,14,17,26,44,29,27,13,44,36,25,44,6,40,35,26,31,21,17,13,47,36,7,40,42,7,10,11,28,7,11,6,37,36,31,33,19,35,7,7,7,29,13,39,49,26,42,31,23,47,8,47,12,13,35,17,36,33,13,39,43,40,41,18,46,18
29,20,7,50,40,50,45,47,14,48,42,33,37,29,7,11,41,44,30,8,11,18,15,29,30,6,46,26,12,34,30,21,24,15,26,24,40,21,6,37,27,34,18,29,8,20,36,40,28,18,43,49,21,38,12,10,34,22,29,14,9,36,33,22,14,42,12,38,40,18,9,39,41,38,5,26,19,13,13,47,48,27,22,48,13,9,37,16,49,18,30,35,45,45,33,34,42,24,36,8,36,18,45,39,23,44,36,31,42,45,8,17,19,9,26,16,24,27,9,7,41,48,22,27,12,31,43,42,50,15,49,47,41,28,34,44,15,31,21,10,47,33,25,47,32,22,40,21,5,50,32,33,24,42,23,43,37,26,16,50,38,25,44,47,26,50,8,28,12,22,18,48,23,10,50,18,16,21,23,50,47,34,27,26,42,45,24,43,47,49,23,20,25,32,35,8,46,49,30,17
38,32,26,18,44,25,40,11,24,20,29,14,7,49,42,38,30,47,12,38,37,38,10,45,18,8,34,33,42,31,24,44,28,41,35,48,47,5,37,24,14,22,44,10,21,49,44,44,16,47,39,23,33,11,27,10,13,11,33,30,26,49,39,21,24,43,29,12,17,28,18,47,44,38,27,28,21,50,12,15,12,33,36,30,48,47,24,44,42,11,31,7,46,16,46,21,29,5,15,14,45,49,25,34,34,34,38,18,40,50,48,20,46,25,24,11,37,10,9,41,13,17,10,23,10,22,28,10,22,44,43,22,43,50,37,23,16,29,14,31,20,46,12,47,33,43,8,27,10,31,44,49,47,42,48,33,18,33,46,19,37,26,35,30,17,28,7,17,44,26,15,17,33,22,48,11,10,25,6,25,34,11,48,32,5,29,34,29,20,37,32,16,46,17,36,34,23,6,34,20
9,36,13,45,44,35,15,40,49,50,22,41,9,12,15,35,48,35,28,31,10,5,9,40,29,7,12,27,33,30,9,41,46,25,8,25,8,22,47,35,39,21,23,45,47,25,7,35,23,40,28,19,37,50,17,49,8,44,35,20,15,20,14,31,38,22,43,14,12,13,8,14,28,44,15,27,33,17,20,17,35,47,5,38,17,11,17,25,14,39,26,21,38,11,18,35,47,49,45,34,37,18,11,31,15,25,18,39,28,47,31,9,43,27,48,40,11,23,6,23,17,17,46,15,24,19,17,13,40,49,47,9,6,10,19,24,25,16,6,30,32,48,24,29,26,26,45,12,21,20,21,46,17,15,31,8,13,21,26,18,48,27,9,41,30,14,24,46,10,22,6,10,47,48,42,35,18,36,18,49,11,41,15,9,33,23,34,33,16,36,5,6,37,43,15,49,39,21,27,27
48,20,32,27,10,31,28,8,13,48,46,48,50,49,38,31,7,37,46,15,32,12,33,27,32,39,47,17,13,27,16,19,32,31,15,6,27,19,17,27,31,12,9,44,25,14,44,33,25,16,32,29,21,17,12,16,31,23,25,26,36,42,32,40,26,23,21,40,6,20,50,20,31,47,8,17,22,35,7,17,21,16,45,40,46,16,25,16,21,26,6,32,19,18,32,26,24,23,7,20,5,27,15,30,12,40,28,29,12,17,18,33,16,36,18,49,25,35,36,26,25,23,17,26,43,13,27,47,16,28,14,9,40,35,37,12,46,46,21,49,12,32,34,21,22,29,5,9,19,13,36,28,31,8,25,33,26,35,49,17,26,45,25,13,41,38,25,32,5,29,23,28,12,13,47,49,46,47,18,37,48,22,16,38,22,23,24,40,13,49,39,32,11,40,7,44,45,28,13,11
48,47,15,19,43,25,42,15,34,48,29,17,18,31,18,18,13,15,15,36,36,28,33,39,25,18,20,49,25,36,13,48,33,10,20,45,41,35,19,16,31,32,37,34,11,50,23,6,12,25,36,49,33,29,21,46,42,33,37,12,28,7,45,20,7,17,26,14,25,49,30,18,42,50,25,31,20,11,21,23,34,8,35,44,47,26,36,35,43,25,32,28,22,48,9,22,21,48,25,31,41,40,40,18,16,26,48,34,40,12,29,18,33,27,48,19,22,30,47,18,22,25,41,32,13,21,15,44,7,26,24,37,15,15,43,18,39,48,11,31,17,19,49,29,18,25,7,37,15,19,10,20,30,32,21,44,10,36,43,30,14,44,13,27,24,28,48,18,48,47,49,17,14,45,32,8,50,7,37,29,42,27,20,13,31,17,10,35,25,7,49,6,6,32,45,36,37,23,9,33
13,18,24,40,25,12,30,43,48,37,45,44,20,34,32,32,23,31,27,30,50,6,43,12,22,27,34,11,12,30,24,43,17,42,21,25,31,43,35,6,42,12,20,12,48,9,40,7,8,26,25,48,45,25,47,15,45,27,21,27,16,10,38,27,19,14,45,21,11,18,19,21,37,35,19,35,29,41,22,45,50,41,41,28,47,12,28,33,47,14,16,40,12,34,15,41,13,14,46,32,36,21,24,33,31,33,13,42,32,34,36,25,9,38,34,46,42,44,32,19,48,22,15,23,27,25,44,31,42,44,49,46,19,39,21,41,45,7,13,19,34,22,24,13,12,13,40,25,46,29,19,10,10,9,40,37,39,27,12,18,42,39,47,24,23,34,48,46,19,13,18,10,19,9,50,33,40,32,39,44,18,22,14,46,37,21,19,27,27,37,40,7,27,18,15,49,29,17,38,6
28,32,15,33,9,24,35,10,21,32,13,6,10,13,10,34,40,30,11,9,8,22,14,13,35,11,7,15,21,33,9,32,38,34,35,45,34,31,21,19,26,37,39,30,13,6,23,10,16,24,13,37,30,47,19,40,14,10,20,12,22,31,18,11,9,44,42,6,46,7,34,43,23,18,40,41,43,18,31,7,43,11,48,10,40,32,42,25,30,42,19,7,39,10,49,30,7,8,31,44,11,41,12,30,6,14,12,17,8,37,7,34,8,43,9,44,41,30,30,15,47,47,17,7,6,12,49,11,40,40,26,22,6,44,30,14,22,17,32,31,13,27,44,25,35,23,15,45,16,9,48,47,40,37,8,50,45,39,33,12,22,45,24,6,42,25,26,41,12,23,40,30,12,8,27,11,30,6,50,49,23,7,18,9,35,50,22,50,32,36,18,44,28,32,34,44,46,33,47,38
6,45,16,32,30,42,17,23,47,33,16,11,41,28,44,18,41,16,19,47,18,32,36,35,30,32,11,11,24,43,9,19,11,10,44,22,26,32,27,35,20,35,10,27,13,33,28,5,28,47,19,50,45,24,30,11,18,37,43,19,25,43,19,12,20,48,32,46,24,44,34,14,16,43,32,49,26,5,34,33,36,43,20,27,20,17,9,15,15,41,30,7,47,34,26,20,20,35,11,29,6,36,19,34,26,39,37,31,7,31,19,21,45,36,24,41,28,22,11,43,49,44,16,45,45,36,20,13,36,42,39,8,36,44,40,26,19,44,41,18,30,25,19,20,27,40,9,31,40,24,38,43,30,33,33,38,30,31,45,39,45,16,39,26,25,23,10,14,7,35,34,39,7,21,44,25,26,46,26,17,24,11,23,18,29,50,6,9,11,46,46,36,10,36,31,16,17,16,16,13
29,33,39,19,48,31,24,25,45,8,21,47,13,21,8,39,49,31,42,30,49,38,10,10,43,25,20,12,42,45,33,48,8,33,23,13,42,21,23,42,37,44,25,34,21,16,28,16,37,34,12,47,6,17,26,36,31,49,32,21,15,29,20,40,38,12,9,43,20,38,37,14,24,33,36,38,5,29,32,34,41,27,44,24,46,10,14,32,45,49,48,31,48,20,39,28,14,39,36,34,12,42,31,25,37,34,21,18,21,41,14,26,40,12,29,35,30,17,7,14,21,10,33,50,6,5,36,42,7,34,50,47,25,6,49,41,48,31,25,35,15,27,5,18,5,32,7,23,19,14,29,38,24,34,26,20,14,8,8,18,15,42,45,13,30,33,14,11,36,8,43,44,15,11,29,34,22,14,43,23,47,44,41,29,21,14,23,31,11,38,21,6,6,12,43,46,38,49,49,40
21,6,30,29,11,11,16,13,16,13,41,6,24,17,45,21,20,40,7,7,19,24,19,24,24,22,7,48,6,42,29,31,47,20,15,41,29,14,49,32,37,40,12,46,26,45,28,42,30,44,40,33,15,20,12,30,34,45,27,9,17,46,13,19,18,9,49,33,35,14,43,28,45,8,32,27,44,32,13,7,38,32,31,45,22,36,40,6,28,26,6,9,26,14,33,45,28,6,11,6,47,12,8,10,29,35,41,37,18,37,40,31,17,6,7,28,32,14,39,36,19,26,12,30,35,37,46,31,15,49,35,33,31,15,42,32,18,32,40,41,16,28,48,17,37,28,35,22,30,25,27,31,16,34,27,29,41,31,26,37,5,49,35,44,36,17,30,38,42,39,6,35,24,30,37,36,30,6,45,5,45,35,31,45,9,14,24,24,43,30,48,38,49,39,25,24,25,25,12,40
8,41,11,48,28,24,10,20,46,15,37,31,31,26,11,8,23,13,11,46,36,23,15,36,40,21,12,35,16,44,37,40,40,14,12,33,40,20,46,49,12,26,7,34,22,42,31,8,30,32,42,29,37,11,31,23,25,16,19,46,41,12,19,19,19,17,20,12,33,42,19,12,42,8,41,11,45,12,38,26,13,28,18,45,9,15,13,29,19,45,19,38,18,17,27,7,19,17,50,15,36,8,38,47,7,10,31,49,40,50,15,35,37,16,38,41,23,41,16,29,26,30,31,5,46,6,47,23,24,20,21,21,33,34,27,16,39,49,8,36,37,29,8,33,48,7,27,6,7,22,24,12,47,27,40,25,46,29,26,47,12,33,25,37,12,27,28,32,22,48,48,50,7,19,28,35,23,12,31,26,15,15,18,43,37,8,46,49,12,19,11,36,15,47,49,34,35,26,35,41
14,34,48,49,41,7,11,10,15,24,49,30,28,21,17,45,5,24,36,41,23,40,20,24,44,46,45,16,46,47,29,21,13,31,20,42,20,13,25,50,42,26,15,31,39,40,24,50,31,28,31,17,41,45,20,45,34,17,48,16,30,28,20,40,24,17,36,12,36,45,17,19,43,49,33,17,18,12,45,17,15,26,11,33,44,12,37,23,26,18,15,36,35,30,29,38,31,40,40,22,27,33,24,20,6,16,15,15,12,27,49,16,6,29,26,8,30,35,18,29,12,28,37,19,46,13,38,31,40,11,5,15,31,42,7,19,13,15,38,24,8,29,48,43,27,49,10,31,45,27,50,49,41,30,38,31,30,39,23,47,17,41,27,39,47,28,45,38,36,18,26,8,25,41,10,15,33,19,16,21,20,12,9,28,20,9,39,41,18,43,44,7,28,15,15,24,26,25,42,33
16,19,37,48,16,43,8,5,20,30,25,8,31,36,30,39,28,41,41,43,22,43,45,15,26,22,45,13,14,49,18,23,16,43,25,14,32,50,46,8,39,39,35,23,29,46,11,15,32,23,32,34,21,11,23,9,42,34,28,37,23,31,39,34,34,43,8,39,13,28,24,46,32,24,5,27,27,15,42,34,12,22,39,36,21,25,45,8,42,10,12,11,40,36,16,12,43,12,12,37,16,43,17,8,34,23,30,30,47,48,21,48,43,18,32,6,47,11,32,21,10,47,6,8,9,17,22,22,39,48,10,36,36,23,18,30,9,28,19,30,28,32,35,26,29,18,25,25,49,36,47,38,46,23,37,36,43,46,30,45,30,47,15,46,41,17,43,34,41,35,25,35,22,26,50,25,15,28,39,43,37,49,45,42,24,29,28,45,48,33,9,47,41,31,18,14,14,24,49,18
38,33,32,38,15,32,6,48,15,42,36,29,15,9,27,29,31,40,39,8,26,36,39,7,48,15,48,45,16,9,6,33,18,34,37,11,35,16,47,49,46,43,5,10,19,12,24,32,20,15,30,23,11,5,44,48,46,32,46,22,5,11,17,15,37,7,19,30,14,17,17,8,13,38,36,27,12,25,28,17,13,50,28,20,19,17,40,33,28,24,23,28,25,19,13,17,41,30,46,32,5,41,27,25,28,29,39,33,46,19,20,34,41,38,17,22,31,35,14,30,46,8,7,47,33,41,40,40,24,48,9,27,9,39,20,9,23,11,14,33,27,7,35,27,10,40,21,36,39,32,27,39,37,19,10,46,32,22,27,15,18,40,40,19,11,37,25,44,31,18,25,32,36,36,12,49,30,15,42,42,24,18,15,33,14,23,20,15,37,49,29,5,40,10,36,16,9,10,22,9
49,9,19,42,35,27,39,29,32,46,5,7,39,6,20,28,22,45,10,28,24,13,16,41,6,12,12,40,40,11,41,43,48,20,16,27,41,12,18,22,19,49,47,8,29,14,45,9,32,47,12,43,22,13,41,42,42,43,6,25,46,34,30,19,8,28,24,7,44,11,42,39,37,8,6,12,38,16,16,6,8,9,15,42,12,43,16,22,28,17,22,11,13,24,43,37,31,39,36,24,6,46,25,6,9,6,41,27,46,12,29,41,6,39,20,43,45,41,31,39,23,22,38,42,21,48,35,12,20,34,9,39,8,48,32,8,19,42,38,36,36,33,30,10,31,20,40,27,40,41,9,13,8,40,36,5,50,30,48,33,5,48,49,12,44,15,28,13,30,29,20,31,42,32,27,30,18,28,25,39,40,42,33,40,8,9,6,35,34,37,25,22,12,22,7,42,9,10,38,48
40,9,9,16,10,44,19,6,43,17,36,6,47,35,5,39,6,23,12,28,10,32,45,32,21,41,26,30,43,39,19,25,46,26,18,24,12,13,6,36,6,36,42,16,46,26,21,16,12,46,30,34,8,34,45,8,8,15,5,37,32,47,15,6,11,25,21,50,49,29,40,25,17,18,41,20,40,32,10,14,29,13,6,8,30,44,33,37,41,21,49,33,32,49,37,18,41,12,21,49,31,5,30,13,34,47,49,36,41,39,14,23,9,35,37,9,30,34,47,11,25,26,48,38,6,49,13,43,10,26,47,26,25,7,17,41,19,35,30,6,16,30,15,36,15,25,40,31,20,25,43,7,24,25,31,49,13,8,19,36,34,20,11,15,37,36,37,45,38,47,10,48,42,26,46,28,15,26,50,47,42,18,48,37,50,17,36,37,27,9,50,41,40,16,11,7,9,32,13,48
31,13,13,17,27,8,13,10,42,43,12,7,23,29,18,33,17,49,46,50,15,8,48,23,24,18,40,44,46,46,18,23,42,19,12,44,40,29,26,25,38,30,35,37,23,35,31,29,6,39,46,17,23,21,38,14,33,42,46,22,34,27,13,49,34,39,12,9,43,48,45,44,47,49,20,36,33,27,7,16,46,26,16,42,9,23,43,45,28,41,19,22,40,30,25,23,46,26,42,38,36,34,39,47,29,18,39,5,24,25,17,33,16,33,7,15,17,19,26,20,9,16,7,10,46,25,36,15,20,22,18,49,44,27,28,34,21,35,47,8,46,46,45,37,19,30,44,42,36,13,25,9,27,32,22,48,33,48,47,24,38,38,32,27,16,49,45,17,19,43,30,30,37,40,6,6,19,33,31,44,36,12,10,9,49,25,27,13,50,44,32,28,27,34,38,21,46,24,16,15
47,36,8,23,20,47,46,15,36,43,16,21,45,7,12,10,43,28,17,37,6,18,49,25,33,11,44,14,44,26,15,21,47,29,7,31,42,49,39,31,36,17,42,12,8,32,42,34,47,34,11,22,9,15,25,9,43,20,35,19,12,45,27,33,35,5,42,26,30,45,35,24,11,45,29,9,26,31,39,21,23,25,7,10,29,8,37,24,6,40,43,45,11,42,11,45,5,10,31,15,32,6,21,28,20,45,15,49,29,47,11,33,45,12,34,24,14,24,26,18,48,17,45,36,37,28,29,10,5,47,42,43,44,29,38,35,28,5,40,26,33,17,32,30,7,37,37,20,16,15,20,13,48,40,31,49,27,48,48,19,13,34,7,33,11,30,30,34,45,19,22,25,25,20,14,26,26,40,5,26,29,11,42,45,17,30,17,27,48,45,27,8,27,9,18,25,31,14,46,12
45,26,13,31,24,16,25,21,22,50,27,44,28,22,40,42,15,9,14,44,42,21,20,42,29,31,25,46,30,19,24,40,20,14,47,30,46,31,45,30,16,33,17,19,43,16,45,44,16,28,22,26,17,23,14,21,14,12,10,12,34,50,43,37,46,46,13,11,45,42,49,33,46,21,43,15,17,25,46,24,18,39,8,9,36,26,12,31,41,36,7,14,22,10,35,15,11,15,36,40,24,20,8,41,20,34,12,48,20,16,17,33,49,47,30,47,28,11,10,14,21,11,17,49,31,34,44,47,48,42,48,47,8,19,17,27,29,40,32,37,9,44,35,30,29,16,12,12,25,40,41,22,21,34,5,40,13,43,48,28,39,39,18,30,49,13,50,13,47,25,41,41,23,33,40,39,25,17,38,41,6,34,19,37,17,44,11,14,21,23,9,22,12,19,45,36,36,41,24,25
43,30,38,24,41,27,38,48,26,26,18,40,23,27,5,47,21,13,24,37,35,26,40,12,9,16,43,49,23,9,13,44,39,20,18,25,34,36,8,39,9,19,15,20,14,26,6,8,22,20,38,34,26,32,41,33,36,50,12,15,11,18,32,20,12,13,27,6,12,39,48,21,44,18,43,42,32,48,38,15,44,49,40,45,41,8,13,7,33,25,23,9,50,32,41,35,35,41,41,14,32,20,34,33,42,10,31,11,26,40,26,39,7,37,36,8,14,45,41,14,20,27,41,43,18,17,17,42,42,43,38,17,23,37,13,19,14,32,43,13,42,34,37,22,11,23,39,46,22,17,14,22,29,19,42,18,17,32,24,39,46,37,24,6,44,16,12,41,7,16,9,42,40,15,31,39,13,34,30,16,11,17,11,33,45,37,6,30,35,38,35,13,47,6,42,14,24,35,33,11
47,36,50,7,29,16,45,8,45,30,7,7,20,24,15,38,45,48,9,24,49,18,24,33,27,35,13,37,33,46,17,19,11,39,46,31,44,46,46,11,10,49,27,46,23,18,28,41,40,9,17,13,43,23,18,28,44,13,29,8,24,49,36,46,28,18,14,13,34,15,15,10,8,30,42,35,32,5,49,11,18,34,27,39,9,17,27,29,6,20,20,14,10,15,32,42,26,32,45,18,9,10,37,49,26,46,41,5,18,26,50,41,48,12,14,21,9,25,23,27,15,23,10,35,46,18,25,33,30,9,34,28,35,45,23,32,19,37,40,12,21,28,8,7,7,37,25,32,12,9,15,49,32,20,40,20,8,11,39,16,19,6,30,37,36,14,31,29,6,45,49,6,20,16,37,47,35,6,41,49,24,12,27,27,7,13,43,37,47,15,50,31,16,30,6,18,50,29,7,31
