28,8,37,11,41,26,27,49,42,33,5,8,37,12,29,44,49,11,29,31,37,24,43,36,32,26,47,22,25,7,13,29,10,21,10,27,41,9,5,38,17,29,24,24,27,16,44,19,34,10,24,39,27,18,17,34,23,46,7,24,18,23,48,11,26,26,24,21,8,24,24,8,6,14,29,44,21,47,10,30,26,48,6,21,42,30,13,26,10,27,15,21,8,30,47,48,41,21,40,27,25,45,16,14,12,49,22,10,42,45,8,25,17,50,45,26,34,43,26,49,48,49,15,14,31,45,11,47,11,42,10,17,30,23,28,5,44,48,8,45,22,40,45,36,13,48,26,12,50,19,29,12,37,29,12,24,45,16,9,26,20,40,9,15,47,45,33,31,37,17,26,13,41,43,20,6,15,26,45,25,34,12,18,15,44,31,28,43,41,30,19,25,27,27,30,10,26,26,16,18
30,22,32,15,8,20,49,21,30,43,33,23,48,36,23,20,17,49,32,30,29,27,19,42,14,41,12,18,28,29,26,34,37,9,11,43,11,23,36,44,33,35,40,24,22,6,22,17,33,24,47,48,17,21,7,26,24,13,34,17,33,9,19,10,19,28,8,36,42,28,27,18,22,20,41,36,23,17,21,24,25,38,23,25,21,38,6,9,6,5,10,48,32,22,9,41,37,30,43,15,17,33,15,44,39,10,33,8,5,46,18,31,47,13,20,35,8,8,20,10,30,17,16,10,40,35,32,46,6,45,47,21,27,45,44,12,17,46,6,28,13,28,40,43,36,27,34,9,6,14,14,49,36,19,36,15,8,12,9,13,16,42,19,13,10,33,12,26,40,45,21,26,23,19,11,21,18,40,22,37,8,49,41,18,34,36,16,20,37,15,46,6,46,50,40,33,38,17,31,30
19,38,16,25,44,18,17,11,24,16,13,36,7,16,40,37,43,18,20,22,13,48,40,25,45,47,25,14,23,32,22,46,6,25,13,44,50,43,36,13,7,22,39,24,7,9,30,6,6,41,46,22,9,11,48,47,18,22,43,24,29,31,41,38,34,18,32,5,6,10,44,12,12,21,17,28,41,46,39,44,27,14,38,46,45,16,13,22,44,11,29,34,29,37,48,22,23,35,7,35,49,7,50,19,12,31,40,11,16,24,15,43,46,8,16,38,38,7,47,42,43,25,48,9,38,27,24,10,11,49,25,37,35,42,23,24,15,46,16,30,33,27,26,19,17,11,41,49,47,19,41,36,28,19,22,44,33,31,34,15,28,21,39,25,49,22,20,19,42,7,16,27,34,45,24,32,22,11,42,18,40,26,34,47,49,12,28,12,40,19,34,37,9,34,22,12,38,10,48,16
40,15,19,43,33,44,41,37,8,6,37,15,45,29,48,9,6,35,49,15,48,47,37,30,39,32,38,8,28,45,50,43,26,25,19,24,33,21,41,26,23,10,33,48,8,43,8,45,21,16,17,18,45,49,19,14,16,7,14,42,45,42,17,34,11,36,20,5,39,13,43,11,44,18,45,24,23,33,38,34,23,8,33,41,24,8,30,5,42,10,6,50,9,40,18,10,41,48,33,30,35,6,39,9,27,30,37,42,44,46,36,13,40,40,9,19,37,47,32,17,33,39,26,7,30,20,47,17,29,24,39,32,27,37,38,13,26,7,14,45,7,13,19,36,15,43,20,36,38,34,39,9,45,46,26,24,43,5,14,24,12,22,34,36,15,43,46,42,22,24,5,46,36,29,46,11,9,20,26,7,21,32,26,25,36,22,43,11,34,32,31,40,10,27,21,38,36,36,19,24
23,24,40,15,18,37,5,49,44,42,7,44,14,33,6,47,33,42,20,26,14,27,31,14,37,36,22,43,46,27,10,23,47,8,47,40,21,17,39,16,22,22,22,21,39,23,42,45,49,18,35,37,37,39,48,26,44,38,13,32,23,12,20,47,18,42,21,47,14,46,45,20,28,33,44,6,23,30,21,26,17,38,26,37,40,33,12,23,12,6,24,12,49,22,43,16,33,15,41,12,17,36,14,37,36,8,43,20,10,20,22,5,46,10,46,19,26,39,7,21,32,35,36,46,27,39,44,35,25,16,38,7,16,15,28,32,31,21,44,26,41,27,44,5,27,17,39,30,15,25,43,24,43,39,43,29,40,42,8,50,40,40,19,42,29,24,42,50,40,17,18,20,16,16,18,37,16,16,17,48,26,41,11,32,30,37,19,27,12,15,49,23,15,21,6,31,40,33,42,15
45,31,27,17,46,39,29,36,39,16,31,28,45,21,43,26,15,15,34,42,46,39,46,14,37,31,26,45,42,11,16,37,33,26,36,20,44,6,28,12,41,37,23,11,22,35,18,15,23,23,17,24,6,34,22,10,11,43,21,34,18,38,27,36,29,48,26,9,35,10,17,45,10,15,13,26,38,8,10,11,27,33,37,29,5,42,23,19,42,9,14,35,19,35,8,47,25,47,29,33,46,24,26,17,29,12,14,41,45,10,20,32,19,17,23,45,32,23,25,45,28,25,6,39,8,14,45,31,9,14,36,38,13,13,21,9,35,49,8,27,33,38,28,14,14,27,13,24,20,36,9,9,18,21,25,17,43,17,31,22,42,44,30,23,16,32,34,10,40,9,23,15,15,11,45,31,19,10,44,23,11,7,13,32,7,8,47,30,9,18,42,42,42,17,22,28,14,10,22,38
12,40,17,29,34,32,19,30,34,43,13,33,38,9,23,39,23,19,22,50,18,5,40,13,17,47,40,47,10,15,10,28,31,19,12,37,15,46,16,40,41,20,17,21,18,26,9,26,21,12,9,46,9,37,16,50,7,42,26,5,14,10,29,11,30,29,34,16,20,10,31,43,29,41,47,45,14,27,28,22,16,32,34,18,32,35,46,39,19,47,48,21,42,18,39,21,19,23,28,25,11,38,28,31,44,36,39,5,34,31,39,35,23,20,9,27,22,17,28,41,17,5,39,24,28,28,12,20,15,40,14,37,12,33,38,8,24,48,24,12,33,20,49,23,44,6,32,17,20,10,13,46,34,33,20,34,39,39,12,32,37,23,31,37,45,10,23,48,20,8,41,9,31,41,41,12,8,6,44,23,47,19,19,17,30,13,40,19,34,29,34,13,38,45,29,19,39,9,44,26
41,14,14,33,37,14,24,23,15,32,49,13,26,17,26,20,22,18,8,13,24,20,10,25,30,42,33,22,32,40,33,35,44,23,24,44,20,21,26,46,30,23,25,26,50,22,7,32,28,34,11,17,14,21,35,22,7,32,12,34,6,19,14,40,8,21,14,38,49,10,25,30,36,5,23,25,43,29,7,48,47,49,19,20,27,37,25,19,22,5,36,33,9,31,46,25,14,20,24,23,30,29,43,23,41,28,30,22,36,9,46,34,29,23,10,11,45,8,28,21,37,26,5,43,16,33,29,10,44,43,26,34,49,6,21,8,18,10,32,19,16,49,6,7,8,44,29,44,38,41,17,36,8,31,19,6,43,48,14,27,11,33,25,38,8,19,29,43,21,23,41,41,15,50,23,24,11,17,24,16,48,39,13,33,11,22,49,18,39,19,42,36,48,40,16,28,24,49,24,6
33,25,47,47,8,10,7,31,46,19,12,10,39,34,43,29,8,15,44,23,36,46,5,6,44,20,49,14,23,24,46,17,12,37,13,43,19,22,42,46,13,28,29,27,38,27,46,22,21,37,7,44,7,19,45,37,21,13,16,41,46,41,27,19,5,33,49,48,33,47,44,40,42,43,5,21,49,19,27,49,7,38,38,31,49,26,6,8,14,33,30,31,10,12,32,19,11,32,31,13,7,35,20,14,19,40,33,29,43,8,27,26,12,40,42,36,38,13,21,39,30,19,46,32,38,41,46,22,6,29,22,25,7,16,23,27,6,41,14,16,13,42,12,6,14,10,15,29,18,19,34,25,34,19,20,11,33,46,20,20,44,27,5,32,7,6,40,34,26,33,39,45,37,45,27,15,5,26,19,30,13,31,35,43,46,14,8,19,49,42,49,16,34,5,23,49,10,33,27,46
25,48,43,23,42,15,13,28,31,17,27,9,10,16,21,31,12,16,28,40,16,26,46,19,49,12,19,31,29,36,50,46,10,49,49,40,32,28,17,9,27,38,44,11,37,32,42,7,14,40,37,12,32,21,46,12,33,34,9,35,9,15,25,26,29,17,31,27,8,44,5,21,13,18,6,46,31,15,17,13,22,36,35,12,39,44,35,32,32,43,16,16,27,13,26,11,46,20,20,49,22,31,45,33,37,28,24,28,37,31,31,7,49,41,46,14,33,15,12,48,23,39,37,8,31,28,8,12,18,41,42,10,34,7,21,21,47,28,8,41,37,32,39,10,49,36,34,16,26,39,31,16,16,12,16,17,17,49,37,22,6,44,25,44,10,9,10,17,7,46,33,36,37,14,18,29,10,32,32,37,25,35,31,41,21,19,23,10,24,22,16,7,24,46,32,42,27,10,31,7
44,29,10,42,29,13,21,28,36,36,13,44,48,42,43,38,11,45,9,23,16,44,27,44,6,34,48,41,11,35,42,37,12,36,17,29,31,8,6,37,28,40,33,12,29,13,42,35,40,9,28,16,28,24,45,19,7,35,27,23,42,15,11,49,34,5,13,42,5,7,43,13,35,37,40,25,16,16,48,24,49,50,45,39,8,31,25,35,11,10,11,21,16,42,30,43,38,42,20,24,30,32,30,28,8,11,31,47,29,25,7,48,29,48,40,10,39,15,6,24,43,44,28,48,13,35,48,27,22,23,11,39,46,17,23,48,10,48,18,38,10,28,26,36,36,11,33,50,17,11,44,48,22,34,13,38,19,43,12,18,32,37,42,18,22,22,46,39,11,13,41,12,13,26,23,11,17,22,25,37,37,7,16,24,17,19,16,47,7,48,16,42,41,9,27,45,47,24,26,14
11,6,43,44,16,8,43,21,12,40,6,29,27,38,26,5,45,40,47,25,10,5,16,23,28,9,41,29,27,15,26,20,26,9,9,50,17,41,12,34,24,26,32,33,16,31,19,27,26,37,34,24,41,26,33,9,23,7,18,14,31,5,30,9,19,27,48,16,44,43,32,16,44,47,46,5,35,49,7,31,37,23,11,7,39,12,45,22,29,27,17,42,25,47,40,11,29,27,19,40,49,28,30,11,38,40,39,50,29,32,35,28,29,24,31,33,9,39,23,28,9,6,6,40,12,28,30,13,43,14,49,48,5,31,46,21,30,17,42,18,35,7,10,21,46,32,22,38,37,38,31,28,9,14,47,19,35,28,19,5,34,32,32,13,23,21,28,14,14,11,39,8,6,25,10,10,24,15,37,28,8,14,20,26,24,24,27,42,7,38,11,20,25,40,25,20,34,32,23,42
28,41,47,25,33,27,41,24,22,38,26,45,7,31,46,27,8,28,9,35,35,40,6,31,47,28,14,25,36,6,8,36,38,8,46,16,38,49,18,39,29,20,30,26,21,45,34,34,32,13,30,39,11,38,45,13,12,9,46,35,38,45,17,22,21,8,19,20,16,39,37,44,17,20,10,17,38,13,38,5,5,10,6,22,37,17,32,43,28,41,49,14,23,47,28,35,31,34,28,13,6,41,32,47,8,45,14,35,42,43,28,14,6,10,34,19,19,44,32,32,35,47,32,27,26,28,16,35,10,10,39,17,15,14,9,43,30,10,14,28,8,31,34,11,32,35,9,7,21,46,44,37,12,15,5,7,10,6,49,11,8,48,25,48,26,6,16,34,18,30,10,19,40,32,23,26,26,21,17,15,36,27,15,24,15,39,31,17,17,20,31,21,19,49,8,24,14,25,27,13
47,11,14,19,23,23,19,48,44,49,10,32,36,9,37,14,38,10,40,13,25,6,13,20,22,26,19,20,9,11,36,22,20,18,44,18,8,37,8,21,15,14,38,27,6,40,28,45,12,41,43,25,37,20,39,29,9,43,18,24,21,17,49,28,26,24,32,35,34,46,12,36,22,26,42,18,9,18,14,48,19,32,17,7,41,41,30,13,8,37,42,24,21,35,40,11,42,47,44,39,12,23,42,29,29,34,16,43,12,26,15,24,5,7,47,17,34,28,42,19,41,20,29,39,14,15,28,18,44,37,27,40,43,20,17,26,42,22,36,24,19,23,18,28,49,10,25,9,35,28,36,41,48,49,7,46,38,31,36,49,8,46,48,34,36,44,14,11,15,17,15,29,12,23,17,39,26,46,49,34,31,19,42,35,12,12,36,20,27,33,32,37,44,15,45,34,26,34,44,27
9,16,47,15,6,37,23,22,26,29,22,21,10,12,48,50,42,42,28,42,26,31,43,27,17,11,37,12,25,5,44,5,12,8,12,48,7,33,49,29,9,24,21,43,11,24,5,11,46,44,39,33,18,28,33,16,45,40,19,14,25,32,33,32,13,7,46,21,5,7,15,17,11,40,7,5,39,30,16,40,24,45,39,41,10,43,40,29,24,34,35,30,7,39,37,6,30,5,7,23,31,26,5,35,18,19,28,15,29,7,20,42,7,8,25,42,19,50,13,19,15,31,31,12,17,10,42,47,13,36,18,39,17,13,8,15,42,27,35,18,21,15,22,40,7,20,34,40,42,45,18,29,25,36,38,9,34,12,21,18,7,23,19,20,22,14,25,10,22,28,5,7,14,23,49,21,34,42,30,19,46,45,40,43,37,15,31,39,23,11,28,34,13,45,10,23,22,8,27,46
41,27,17,15,33,30,37,45,30,24,43,23,40,48,40,9,18,34,8,11,17,26,5,39,9,36,39,27,45,22,46,22,6,31,21,19,6,34,37,37,8,35,20,15,9,47,21,42,23,45,16,31,44,35,35,48,47,39,23,24,11,11,13,11,26,14,24,11,49,28,11,19,37,7,10,41,29,21,14,6,44,27,6,9,35,23,21,45,39,21,17,7,41,23,18,12,22,5,46,40,42,22,42,37,26,50,30,36,46,10,35,42,40,18,27,10,10,23,48,46,23,40,35,44,13,8,38,10,8,30,48,26,44,6,28,22,22,48,23,17,20,49,16,26,12,7,18,49,42,23,39,20,36,28,31,24,41,40,29,36,47,50,38,22,6,29,34,13,37,17,27,23,30,8,19,42,43,35,49,22,19,18,35,21,15,46,29,22,19,34,12,13,37,18,6,6,15,25,45,50
19,31,25,33,14,39,7,40,38,38,28,17,43,12,40,49,13,25,40,35,27,42,29,37,43,8,7,23,15,16,19,18,19,13,30,10,15,40,27,42,9,39,40,34,44,39,25,12,5,44,9,20,32,37,43,38,46,29,29,44,8,12,36,41,49,10,44,5,50,25,14,34,17,20,11,7,43,49,30,33,14,7,37,34,13,11,49,35,7,45,33,13,35,36,13,8,8,43,37,50,48,8,33,13,16,11,27,42,22,31,24,30,21,22,49,27,48,27,26,6,16,37,17,40,25,35,39,10,17,33,31,11,49,15,45,6,20,19,20,20,36,41,28,45,43,12,16,39,40,27,22,35,20,16,37,26,30,21,31,36,40,46,35,16,39,34,7,18,17,31,14,36,19,23,6,45,5,44,42,45,46,32,21,46,40,41,29,14,8,6,12,27,30,10,30,45,8,6,25,43
24,13,11,15,29,26,40,27,41,6,39,23,5,17,12,40,28,15,10,12,45,22,31,39,39,23,22,12,40,16,7,35,17,49,29,44,36,43,45,36,50,46,39,43,22,13,10,32,14,16,38,13,48,29,34,25,47,32,20,42,48,21,20,22,50,11,29,50,26,23,39,31,21,40,42,6,33,45,32,18,21,39,6,23,25,11,14,18,43,26,41,39,21,22,50,28,47,49,9,28,24,10,49,7,42,28,20,39,5,9,47,14,38,49,7,41,7,31,46,38,38,7,44,47,24,33,34,43,30,8,32,26,48,10,33,41,17,20,48,28,17,19,25,40,41,32,25,36,40,21,7,21,44,17,46,30,32,46,24,16,34,30,33,37,37,18,41,14,19,12,34,24,26,7,6,14,19,23,7,28,24,19,33,27,7,38,45,13,30,18,17,38,11,46,33,25,33,16,9,35
31,8,12,13,49,14,44,32,40,14,16,48,28,29,32,36,41,13,40,9,18,37,21,23,45,45,6,43,8,19,15,31,16,43,48,11,18,10,15,25,39,26,35,47,43,26,20,35,21,7,39,26,21,38,19,5,6,36,18,22,45,27,36,11,43,20,15,31,21,24,24,42,28,29,37,13,42,7,50,39,26,24,38,28,28,49,48,5,10,40,48,6,6,16,39,45,40,11,25,25,20,34,9,33,10,23,20,22,20,44,49,18,8,44,28,16,42,44,20,33,26,37,29,43,38,29,7,45,28,20,10,26,23,39,45,24,6,23,48,37,19,41,45,9,47,36,43,24,13,35,41,49,29,23,28,26,28,5,30,34,7,34,24,13,34,28,6,36,37,10,20,7,5,23,7,8,13,42,11,41,41,25,38,34,26,14,45,36,30,38,37,46,29,16,31,42,33,23,30,35
44,29,27,43,27,11,47,21,14,14,18,18,30,46,16,12,31,26,49,34,19,7,43,44,37,31,48,31,14,40,5,29,17,22,22,17,46,36,38,34,21,39,32,12,6,40,9,26,40,19,48,13,37,19,32,34,21,6,37,38,14,46,38,13,47,29,47,31,16,40,38,40,20,42,13,43,31,26,33,41,22,33,32,22,48,46,25,14,46,46,16,41,39,43,42,24,34,37,24,15,39,17,22,35,21,20,49,21,38,18,27,35,23,42,18,25,44,42,8,23,27,30,27,27,30,16,29,28,42,34,33,16,15,49,43,41,7,6,16,47,11,6,36,42,38,17,33,9,19,7,6,45,9,40,10,38,8,16,8,28,18,49,28,30,41,30,38,21,20,32,27,9,19,47,20,24,13,30,41,18,35,14,17,40,14,35,37,16,7,33,7,11,43,22,47,26,36,49,12,45
40,21,7,24,39,24,32,25,17,34,28,9,41,27,24,23,37,6,7,12,26,10,28,23,46,5,14,9,19,32,46,25,17,29,21,15,12,45,39,22,50,32,13,9,30,29,22,27,36,43,25,23,34,24,7,42,47,6,16,18,35,42,14,23,30,19,35,43,18,11,26,47,28,30,43,49,29,9,23,9,45,26,11,21,15,44,30,27,13,30,16,10,15,28,41,25,21,14,17,6,38,8,28,22,22,22,18,19,28,13,48,24,39,16,19,30,12,32,49,8,47,46,47,47,13,24,22,32,49,16,44,46,7,9,12,15,43,23,39,26,36,37,38,8,11,16,20,49,19,26,32,9,7,44,44,39,48,13,39,48,25,27,22,35,19,18,21,46,26,47,19,10,24,28,26,41,15,17,32,24,21,27,24,11,32,41,18,9,10,36,47,37,35,32,40,48,21,33,24,7
29,11,14,12,34,38,6,13,13,8,10,25,7,35,43,50,40,40,11,36,39,26,28,14,37,11,23,35,30,17,7,13,26,20,35,35,39,45,8,37,47,27,48,7,46,23,29,21,41,49,42,12,44,34,25,18,40,8,15,35,8,28,7,12,9,19,39,34,21,50,15,9,16,32,41,15,25,22,38,26,17,40,12,47,17,7,38,40,28,46,35,22,38,50,32,29,13,31,46,28,26,30,30,32,20,20,46,30,34,7,19,16,43,23,28,44,27,26,18,16,42,35,14,29,16,35,20,16,26,46,16,18,23,44,40,38,41,39,6,41,38,32,47,10,8,9,36,36,32,33,17,30,47,32,45,20,48,21,32,49,32,18,48,39,46,36,18,22,15,7,34,34,48,8,12,34,8,25,23,37,11,8,36,17,30,45,27,41,45,42,27,9,34,10,12,7,19,48,21,29
28,46,10,38,16,25,25,13,45,45,22,23,20,30,16,14,14,34,38,20,41,23,49,47,45,41,13,28,47,18,41,15,35,40,28,14,26,24,10,46,7,20,17,30,8,27,31,28,7,13,50,18,27,46,24,39,37,19,18,5,27,37,41,45,12,31,9,44,19,44,39,24,26,40,29,45,31,33,31,21,46,7,30,45,8,18,10,8,27,40,38,22,16,35,5,12,46,26,41,41,32,39,22,32,24,23,38,47,17,30,26,9,14,34,32,43,9,27,19,25,21,43,44,7,25,36,43,30,24,21,26,49,30,32,36,46,46,18,44,31,37,26,31,49,8,11,27,33,7,21,42,49,22,13,45,21,13,40,12,10,20,44,39,21,36,44,18,29,30,27,46,28,44,43,43,9,43,35,14,30,28,21,8,16,25,31,18,37,50,37,12,41,49,14,30,9,10,21,16,42
23,10,5,9,30,45,22,47,24,27,5,29,27,49,42,19,35,20,33,19,32,45,36,26,12,28,29,38,19,49,38,24,47,44,17,41,28,49,47,18,36,19,17,13,47,36,31,46,17,44,22,44,20,17,48,35,42,14,46,43,28,25,41,43,35,36,20,45,28,50,47,10,8,48,49,11,40,26,39,30,35,11,19,38,47,30,13,43,30,48,45,28,6,34,50,12,9,42,25,23,45,20,12,6,34,13,32,19,39,16,20,25,49,32,46,11,29,6,38,26,48,8,8,11,36,10,33,15,31,22,38,27,14,40,39,49,32,47,9,16,48,37,36,10,28,11,26,15,48,12,37,35,43,12,19,19,42,22,17,41,32,40,22,24,18,10,22,9,44,24,43,49,42,17,16,15,33,42,35,18,31,40,35,32,25,11,25,7,45,40,42,14,34,27,40,12,10,31,42,41
41,12,47,9,27,8,32,10,44,47,10,20,8,18,21,22,36,5,48,20,27,15,48,23,40,36,11,6,31,16,32,36,24,44,24,27,39,18,6,32,35,43,16,34,43,45,25,21,27,49,47,30,41,49,31,17,11,15,47,26,27,10,29,44,20,12,33,15,7,9,35,31,50,35,19,49,28,42,31,45,40,28,11,41,8,10,29,10,7,23,31,36,20,47,44,8,23,26,16,22,21,47,48,40,25,10,16,8,9,22,36,50,23,30,40,9,29,8,41,26,30,9,44,42,20,11,28,22,9,35,43,10,24,50,49,26,7,27,17,15,32,42,19,21,31,5,36,7,11,28,45,17,33,19,24,31,23,45,48,25,45,37,7,8,15,38,35,38,31,21,33,7,24,45,35,27,25,28,16,23,48,33,44,28,26,6,37,24,24,29,29,18,29,23,38,45,36,39,36,39
34,29,15,37,15,31,47,29,13,32,5,49,45,17,7,33,39,15,47,41,32,47,35,46,6,31,45,23,10,5,5,49,26,6,43,23,25,27,18,21,22,44,41,32,25,9,40,36,10,49,29,38,38,19,42,50,32,43,8,19,46,49,17,20,17,44,37,40,18,7,35,39,38,33,36,27,41,38,37,37,40,45,31,8,34,49,37,35,8,39,31,10,34,26,43,18,16,41,46,38,13,14,49,36,6,38,23,47,13,34,41,7,49,29,42,21,22,40,33,40,25,24,29,38,11,15,44,48,17,18,42,36,44,19,28,24,7,30,43,37,20,40,12,11,32,6,25,41,45,14,23,31,38,6,43,31,26,37,44,15,43,23,40,36,22,43,14,44,40,27,35,15,27,48,43,27,49,22,18,47,25,21,24,20,14,19,30,26,13,25,33,12,14,36,9,18,16,6,26,29
48,10,24,39,31,28,20,23,38,37,38,28,38,24,37,37,22,7,27,6,27,48,42,11,46,34,21,46,13,7,40,16,27,35,44,46,37,45,44,46,33,18,28,24,31,13,26,7,49,25,43,13,35,44,21,32,31,8,7,46,46,14,24,29,23,38,36,27,11,45,13,36,14,34,16,30,15,38,12,32,27,12,15,29,47,15,19,28,42,26,7,34,6,20,28,41,16,21,21,25,30,40,33,47,49,49,42,9,18,24,13,7,49,30,20,18,47,7,5,46,7,8,11,14,35,10,20,22,43,14,17,29,11,15,41,14,29,26,7,34,11,10,34,15,43,45,37,36,47,9,6,36,45,41,34,17,22,44,13,33,45,33,14,44,44,25,17,41,16,48,10,33,19,48,45,11,46,27,48,15,16,19,6,22,39,39,10,44,47,29,47,47,11,32,35,49,45,13,40,30
7,40,41,39,14,33,41,22,40,26,44,48,41,39,42,42,23,21,37,32,30,29,8,22,27,44,41,10,37,15,36,36,37,25,46,15,29,38,24,42,10,9,47,46,9,27,33,44,37,43,37,49,30,15,35,29,27,46,12,28,31,12,36,26,25,46,33,36,27,38,47,5,14,21,50,10,25,13,26,18,44,48,31,40,27,46,49,27,6,42,27,32,47,30,25,10,44,39,15,24,43,10,9,39,32,49,22,28,40,31,7,34,39,23,21,49,34,29,24,21,37,22,27,19,5,38,44,19,13,41,19,18,30,30,38,37,11,22,45,31,33,16,41,8,17,7,31,24,48,33,49,45,30,15,21,13,36,26,24,29,38,32,21,39,47,42,40,27,47,28,21,45,47,43,34,41,17,36,28,8,25,23,38,44,8,17,27,37,9,22,28,47,29,45,27,40,34,23,28,40
40,21,23,20,16,13,32,32,16,15,33,33,24,37,35,11,39,6,9,7,38,32,11,30,46,49,21,49,31,27,32,26,34,25,10,6,45,38,9,8,42,17,39,10,27,44,14,20,16,12,7,14,35,43,36,20,11,35,49,8,39,11,46,29,19,47,27,8,38,11,48,11,11,7,28,19,48,22,36,29,9,44,12,21,50,41,45,27,17,28,13,15,33,27,28,16,7,39,21,38,27,19,44,33,46,45,43,30,29,13,39,16,48,27,7,46,44,23,39,7,6,13,35,16,43,23,14,18,43,12,44,37,12,30,21,41,18,13,6,7,45,31,27,10,40,30,39,25,19,13,32,42,16,17,29,36,42,10,32,32,8,38,31,48,14,25,19,35,6,37,30,28,33,46,42,38,42,41,6,49,37,10,14,41,26,37,49,35,40,45,44,28,31,33,12,18,36,28,20,24
27,47,27,45,34,8,42,27,46,31,10,20,33,32,49,14,43,24,31,31,46,24,43,34,40,26,41,17,45,13,41,25,30,12,39,42,13,13,23,38,15,27,16,34,41,29,34,25,35,35,49,41,36,21,47,7,7,38,39,37,26,33,35,24,45,23,48,33,40,35,11,13,27,25,24,48,9,18,10,47,24,41,13,13,31,30,36,39,11,7,15,17,24,15,47,31,44,42,25,42,6,12,45,18,22,34,12,26,17,27,41,49,13,21,9,15,48,17,42,31,33,33,20,19,26,49,22,25,25,43,24,44,14,22,35,44,28,30,31,49,11,21,29,45,13,20,49,25,20,44,44,42,34,21,7,39,30,10,14,19,48,14,45,14,26,8,33,42,27,48,46,18,10,16,44,25,6,6,31,33,24,38,14,27,35,8,32,27,15,30,39,42,13,49,45,9,18,15,23,23
21,11,43,27,19,42,32,25,42,12,35,43,17,38,7,8,31,48,19,38,35,30,27,32,41,35,23,7,16,32,6,8,32,24,49,49,12,44,28,28,27,35,32,8,16,44,21,19,38,32,20,11,28,18,11,10,46,9,22,17,40,12,38,33,7,30,39,7,30,42,45,37,34,40,47,40,48,38,9,37,43,44,35,13,21,18,14,10,34,47,42,5,42,14,29,24,47,16,28,37,13,20,34,7,10,20,31,39,22,11,39,14,14,28,15,39,13,42,49,18,11,30,40,39,8,25,36,6,41,7,34,28,27,10,16,40,14,30,29,37,20,6,28,48,35,47,20,40,41,44,15,23,26,30,10,14,9,28,9,35,8,40,27,38,40,29,42,15,39,20,7,39,42,32,44,24,43,8,35,34,30,28,19,6,42,47,50,19,20,46,26,28,32,37,12,45,21,37,6,20
9,36,12,35,32,33,43,25,10,26,29,35,21,9,37,50,39,25,21,31,48,19,36,26,32,7,46,30,46,43,14,19,35,42,13,28,31,43,44,21,28,26,28,5,32,13,29,20,13,13,10,14,8,9,21,35,45,18,30,47,24,16,36,18,20,36,25,11,44,6,11,20,36,14,17,14,34,48,14,34,26,10,39,10,34,35,49,15,42,46,27,18,16,26,15,49,41,21,19,11,12,21,25,33,17,34,20,7,17,37,16,30,10,41,44,29,5,39,49,6,21,11,39,43,16,19,25,8,22,28,8,46,19,22,43,21,43,44,38,21,49,14,40,16,40,41,40,24,45,6,44,19,20,15,34,31,20,39,27,24,20,21,5,38,14,41,15,23,28,49,16,47,45,10,8,11,27,6,30,24,50,12,25,24,17,26,46,37,33,22,34,30,20,33,49,39,26,42,21,33
22,28,8,37,11,42,49,23,27,32,17,46,33,38,10,43,16,27,15,37,15,27,30,38,8,41,35,9,41,32,21,18,49,14,32,28,6,21,20,18,24,22,10,19,45,42,16,12,42,13,40,23,19,43,5,39,8,44,45,19,25,25,22,10,29,23,21,24,28,8,45,39,30,35,18,26,14,38,10,25,11,34,7,33,42,28,20,50,35,13,41,50,39,28,11,20,27,12,15,42,16,14,6,15,39,27,22,28,23,19,24,20,48,25,24,20,13,39,10,11,16,43,26,37,17,44,46,14,16,7,5,32,48,32,41,15,17,7,40,23,21,17,46,50,6,15,30,34,12,47,25,48,41,35,47,16,21,29,37,20,6,36,38,23,37,47,37,27,34,41,16,43,7,32,26,44,16,41,29,44,18,34,46,28,44,36,41,46,9,23,10,11,14,29,24,48,14,36,40,11
29,25,7,8,49,16,27,21,18,16,37,37,45,37,44,38,23,33,10,38,16,38,30,47,30,36,8,26,6,8,32,31,23,15,28,38,33,42,19,6,13,42,42,23,32,46,11,42,28,21,23,32,7,22,33,8,47,43,32,33,31,33,11,15,21,17,16,41,46,47,25,7,27,48,47,24,11,20,48,12,11,31,29,20,45,16,9,30,37,16,19,31,48,12,15,20,32,46,25,48,12,37,13,42,28,46,50,11,49,31,36,23,16,23,45,26,40,46,7,30,9,45,37,38,30,21,16,39,38,8,43,45,43,18,44,24,12,24,9,27,45,19,6,34,27,8,29,40,33,30,45,8,24,20,46,47,11,35,11,7,15,13,48,13,38,33,16,42,8,36,13,25,33,9,13,29,9,8,39,22,43,32,32,29,12,49,16,30,22,34,9,19,8,9,33,11,10,35,39,49
17,15,14,35,25,14,10,44,36,40,17,26,40,14,46,39,23,39,49,12,16,18,32,20,6,11,21,50,46,13,39,14,32,26,28,45,48,50,8,7,6,23,46,48,36,46,39,49,18,32,35,35,29,9,31,40,15,32,25,12,11,10,47,12,30,25,40,14,15,40,9,45,21,10,26,8,34,18,34,33,48,49,29,37,29,14,28,33,26,18,6,41,14,46,9,44,28,10,17,28,13,26,32,5,14,21,35,48,19,32,31,17,8,47,27,10,37,9,38,18,25,11,35,35,8,27,11,43,7,36,13,6,40,32,14,40,39,15,24,47,31,14,20,20,31,44,47,37,19,31,15,41,7,9,40,38,29,8,25,44,41,44,9,25,46,28,12,14,35,38,39,22,31,17,11,24,37,44,24,8,30,8,35,20,21,27,44,47,6,10,18,12,46,48,42,25,45,49,19,46
13,48,19,37,34,12,31,14,48,35,18,16,22,34,25,30,38,33,17,25,38,5,24,8,31,31,44,30,48,25,31,14,45,40,37,6,20,6,40,17,39,25,32,37,8,40,16,12,25,48,7,16,32,22,12,47,30,15,33,43,20,9,32,23,38,40,14,45,22,42,35,18,48,10,18,24,19,46,21,15,11,31,49,32,29,22,12,43,41,22,46,31,19,49,22,45,32,24,24,23,43,11,11,45,48,20,9,14,26,15,37,29,14,36,40,25,27,49,32,38,49,39,48,11,27,39,48,9,30,20,38,14,41,43,29,25,20,7,31,17,32,37,34,12,43,17,43,49,20,32,29,9,13,9,48,32,37,24,35,25,15,29,17,6,44,9,33,12,14,32,20,12,8,35,14,6,49,24,47,49,9,23,41,37,11,35,8,48,23,14,28,28,41,10,47,44,29,37,49,42
23,39,35,9,45,33,19,32,12,44,17,26,31,23,28,16,26,47,32,38,43,16,32,22,27,11,7,41,20,24,40,8,46,25,26,45,31,17,46,45,37,11,49,38,32,19,33,41,7,48,30,15,25,30,23,19,41,20,35,8,26,6,10,31,41,21,42,41,18,31,26,40,21,16,42,22,45,34,46,7,50,31,11,27,47,22,40,11,26,32,7,36,21,8,32,12,29,7,17,38,10,6,37,38,32,34,37,36,32,39,50,36,48,37,42,29,11,9,28,16,11,10,6,28,21,38,18,7,23,44,15,26,41,13,25,33,21,16,15,42,7,13,16,6,45,8,7,11,44,45,35,14,13,32,45,15,24,22,22,29,27,24,37,17,9,49,16,37,6,45,22,48,47,13,45,25,47,50,9,35,6,42,30,8,37,9,20,18,11,35,23,11,14,43,41,22,16,42,15,47
42,40,6,44,18,25,16,44,38,37,22,7,47,19,32,44,23,10,16,14,18,39,50,33,9,46,10,9,46,17,42,10,26,15,25,41,32,25,48,9,6,31,31,14,15,31,40,36,32,14,9,23,22,20,25,25,21,20,49,12,10,37,26,16,15,42,19,46,34,46,11,34,30,18,8,38,31,12,24,47,15,43,47,16,29,11,9,12,16,23,40,28,25,25,49,49,28,35,48,42,32,34,48,38,18,9,25,26,33,19,49,20,20,38,36,41,15,5,35,36,21,9,8,21,30,14,46,25,44,35,47,50,31,9,14,6,14,6,7,24,10,45,50,30,49,5,32,17,23,49,19,24,46,22,28,19,32,37,43,25,17,37,32,35,35,18,49,28,44,32,17,43,31,9,46,14,43,20,13,6,30,47,18,22,12,34,27,36,9,45,8,22,22,28,11,31,47,36,11,18
34,38,20,5,41,21,6,8,36,37,39,43,22,21,37,26,22,43,35,25,21,36,37,46,31,34,7,34,21,31,10,34,16,29,18,32,6,40,39,28,12,33,14,46,35,39,35,14,31,19,17,15,47,8,31,47,34,9,19,42,15,46,45,10,46,47,13,32,34,34,8,15,9,48,45,7,41,21,9,28,18,5,46,10,39,24,22,18,22,40,16,49,7,9,45,45,38,26,36,14,40,33,22,29,11,26,49,29,18,15,34,15,5,10,19,30,44,21,14,36,8,9,26,46,19,32,40,20,49,10,37,21,9,35,22,27,21,49,40,40,34,21,46,46,37,7,10,32,44,19,48,27,22,35,28,16,7,34,42,22,6,29,12,21,17,16,13,6,23,33,23,27,35,9,8,8,38,17,28,26,47,20,46,27,26,8,34,40,12,18,31,34,39,37,21,48,28,13,6,36
28,33,33,10,14,29,44,27,45,5,9,44,11,26,18,22,13,40,32,8,36,10,46,40,35,49,23,31,43,41,29,41,5,20,14,38,9,20,32,45,35,12,23,24,29,16,11,45,18,5,45,19,31,11,29,20,14,40,19,27,36,45,41,24,46,7,40,14,8,16,44,24,31,29,24,41,20,29,23,19,28,32,50,14,44,28,48,30,15,25,20,46,33,6,45,18,38,11,22,15,38,26,31,11,33,15,7,17,49,44,24,46,49,42,34,23,42,33,24,49,28,30,37,35,12,47,14,33,44,18,45,16,40,22,9,19,30,41,22,46,31,38,23,25,5,7,30,27,37,44,7,22,33,31,12,14,37,33,37,34,12,10,46,26,42,17,32,47,32,35,18,15,9,36,36,17,31,35,27,22,47,44,9,8,22,34,37,49,8,7,42,38,17,25,28,24,38,31,6,33
34,45,29,21,6,31,22,37,12,23,43,36,32,11,44,32,44,47,26,44,11,8,38,6,13,16,42,38,37,8,21,32,5,42,22,6,9,24,33,35,47,19,23,13,49,38,47,11,46,25,8,27,21,12,23,22,38,43,38,12,7,49,38,44,15,22,40,5,39,13,45,42,15,38,38,39,43,20,10,20,13,12,20,11,6,24,24,37,26,22,32,49,14,7,28,38,5,31,7,7,43,13,26,26,20,18,21,34,39,34,37,17,30,39,39,23,29,20,13,50,18,28,23,37,27,41,9,36,18,47,22,23,16,25,46,27,13,16,11,19,36,46,48,36,22,33,39,13,28,31,25,12,41,27,35,28,31,19,42,30,40,38,38,16,39,34,30,47,14,13,26,9,37,20,24,42,12,42,31,17,19,27,43,6,23,28,21,29,23,36,8,45,37,36,49,30,47,16,22,30
27,31,14,21,16,9,35,49,14,33,42,37,15,45,42,40,8,41,16,48,8,44,35,29,48,7,7,31,11,44,24,19,35,46,37,23,46,46,44,34,11,48,21,45,41,42,42,18,48,41,41,12,14,12,20,45,18,35,33,32,15,41,6,22,22,14,8,49,47,9,31,27,19,45,35,7,20,17,8,34,18,25,25,39,11,37,42,26,41,12,38,14,35,41,16,44,46,44,41,36,42,38,19,32,40,24,25,23,37,11,38,49,41,18,40,12,48,6,6,34,26,44,24,29,30,19,14,13,14,49,40,15,25,37,38,23,6,42,21,19,47,20,48,17,9,44,21,38,38,31,38,36,46,30,40,43,12,49,11,25,24,43,49,16,12,24,9,13,41,47,26,27,5,30,36,34,39,21,37,41,19,43,42,36,38,36,37,6,19,34,23,6,46,21,46,38,40,37,47,45
50,27,12,38,32,31,46,33,24,38,36,18,27,18,33,18,31,11,43,11,30,27,27,7,24,50,24,23,39,18,32,27,12,9,46,34,19,33,29,13,7,33,31,34,13,20,20,30,13,7,9,24,25,38,29,44,20,31,26,31,18,48,19,32,30,34,49,29,29,40,15,10,43,49,22,37,47,47,23,42,23,35,16,7,11,22,7,45,13,17,17,32,12,44,46,43,20,38,12,46,13,29,15,47,18,41,34,32,37,10,7,21,43,16,19,8,13,19,40,32,49,18,38,50,20,18,18,46,16,20,25,21,22,40,10,34,21,29,37,25,21,6,9,15,28,20,12,16,15,37,50,43,49,30,23,37,18,31,7,12,15,16,30,34,33,21,47,24,45,34,17,13,9,7,21,19,47,38,16,43,6,33,6,15,9,19,37,24,6,43,17,20,23,40,18,8,48,43,49,12
6,10,47,36,22,16,20,14,38,26,24,29,10,24,41,38,44,28,17,24,29,41,18,20,11,39,43,18,17,35,46,14,42,27,41,46,19,14,20,6,38,25,28,11,21,35,48,44,30,20,9,33,44,14,36,47,10,24,49,31,19,24,50,25,43,31,24,22,27,42,37,21,10,42,13,28,50,10,25,14,19,19,46,45,50,40,26,50,9,21,19,47,48,48,44,28,48,33,35,48,14,50,40,33,13,24,28,36,32,24,20,46,38,23,17,39,40,6,9,25,37,21,32,15,33,6,28,16,47,44,31,40,33,19,7,49,5,22,38,36,27,25,12,42,41,22,10,34,40,32,35,41,20,15,35,44,49,34,46,39,31,45,45,45,24,50,41,42,9,30,29,30,36,13,28,27,12,48,19,27,8,45,10,16,16,43,39,13,30,5,12,14,49,7,36,24,15,34,13,49
41,30,16,37,12,21,38,37,27,11,6,43,13,36,33,23,7,49,21,29,32,12,17,47,49,33,7,27,46,27,39,26,23,50,32,39,46,25,46,32,17,48,15,37,16,8,41,33,9,32,50,34,25,9,33,7,38,33,29,21,47,22,25,42,45,39,6,35,37,16,47,45,50,13,39,36,17,49,11,29,12,30,45,25,19,49,30,17,9,16,24,20,38,44,29,9,6,13,19,14,42,8,34,50,27,47,39,13,16,29,17,20,35,40,11,36,39,32,40,31,35,34,22,14,43,35,9,7,28,50,38,37,9,9,12,39,48,41,11,48,13,42,29,49,16,16,13,11,36,38,10,43,13,8,32,31,32,23,23,24,31,40,19,34,22,28,48,12,21,37,39,46,27,22,9,28,14,8,42,19,37,24,42,32,40,11,14,8,37,31,6,41,37,20,23,49,49,25,42,36
7,24,10,44,12,32,50,37,22,20,16,36,44,46,46,32,14,15,19,44,11,43,8,35,32,17,26,6,7,48,33,34,33,13,48,39,35,31,28,30,39,21,28,17,39,32,30,46,14,28,19,46,13,48,44,45,32,21,20,47,23,26,41,47,47,20,10,48,40,23,42,38,8,34,46,27,15,34,27,12,14,19,50,24,26,45,12,21,45,33,22,47,42,8,28,49,45,25,31,12,26,22,11,49,29,23,39,47,47,31,17,47,49,37,27,8,48,35,16,23,41,45,36,22,35,40,43,34,29,6,36,12,39,32,42,14,11,37,17,38,29,36,16,7,13,41,28,18,6,13,18,37,34,47,50,46,42,34,9,44,29,35,26,34,35,28,35,27,34,41,9,22,21,9,36,19,21,33,11,42,49,5,31,10,31,36,21,37,42,17,42,43,23,45,49,46,18,31,23,29
7,18,18,37,38,14,16,16,29,22,37,33,17,35,45,49,16,39,29,48,22,19,10,15,46,14,20,44,26,11,47,31,39,22,31,18,37,37,24,16,28,10,25,28,34,7,20,14,27,17,21,7,33,39,10,38,20,17,30,46,32,12,32,24,12,50,17,42,32,36,7,45,17,42,33,21,24,19,19,41,30,11,34,19,38,12,11,36,40,39,11,20,11,29,36,36,44,27,49,46,16,34,41,39,40,24,41,28,21,13,26,34,21,30,37,28,26,47,38,32,26,9,50,39,5,26,7,29,43,44,17,41,29,24,26,29,12,29,24,39,49,18,39,26,14,25,36,7,26,38,22,18,38,7,37,12,9,26,11,10,26,44,13,42,43,10,47,43,49,13,17,28,24,49,16,12,28,24,34,43,39,12,47,9,26,36,48,10,42,32,42,16,30,22,23,13,47,36,46,41
41,44,41,18,26,17,33,16,43,7,44,32,6,40,41,20,15,50,13,37,13,16,25,9,26,41,41,27,31,46,11,21,17,27,16,12,39,35,40,47,5,9,16,44,30,48,27,17,36,23,20,47,47,40,36,12,46,43,50,26,17,48,31,36,19,35,38,41,6,6,49,15,48,24,44,20,44,35,10,22,6,48,17,10,39,16,39,21,27,35,44,17,36,39,38,8,46,19,46,13,24,47,9,35,42,26,24,29,37,28,10,12,30,29,50,8,17,34,7,13,9,11,49,24,48,46,14,35,23,39,28,23,47,41,13,13,39,45,44,35,41,23,33,26,15,37,19,8,16,32,36,10,50,16,9,5,43,43,29,16,47,29,22,24,14,37,42,18,6,32,22,45,45,30,13,11,29,7,16,15,28,44,45,35,9,30,10,10,22,37,11,42,36,33,13,13,16,45,16,13
42,9,17,7,37,46,9,19,23,40,16,24,48,39,44,31,37,8,28,12,25,44,45,17,8,30,16,46,7,9,25,34,30,14,8,20,43,12,20,26,5,41,18,49,30,42,34,13,19,14,29,27,18,48,42,10,22,21,10,41,15,13,27,26,44,9,42,8,10,24,41,7,47,8,20,15,18,29,45,6,28,11,21,44,9,7,50,16,40,41,36,47,8,33,19,36,41,9,41,38,49,13,22,45,41,14,20,40,29,20,45,29,12,10,22,38,30,23,31,49,6,33,6,41,10,19,14,31,46,6,16,48,26,27,14,35,25,36,12,16,7,13,44,19,34,46,10,11,25,42,15,19,48,18,11,5,47,11,38,50,30,37,33,29,12,19,31,7,32,8,35,46,7,26,20,8,17,8,17,30,13,33,31,11,34,30,5,50,24,28,22,23,18,42,47,17,20,34,41,18
10,49,18,23,48,12,9,24,29,33,48,18,46,34,50,17,14,44,30,26,14,18,18,34,24,36,33,45,10,42,27,45,30,47,49,11,32,31,27,39,36,20,34,49,34,24,10,23,14,17,18,28,41,37,40,9,41,15,9,46,45,46,11,41,16,34,8,31,39,22,38,29,41,10,12,29,21,45,15,23,30,50,49,18,41,46,34,8,28,36,48,38,36,38,38,12,17,21,5,44,31,14,23,22,16,7,48,29,14,50,27,16,29,40,25,21,20,30,24,37,49,41,39,16,44,29,26,17,49,25,40,48,20,45,15,6,43,26,26,28,44,18,37,49,28,32,45,35,6,34,25,42,34,30,12,26,6,7,20,33,6,17,7,47,50,35,23,25,24,35,36,17,48,24,40,11,45,26,42,36,36,11,15,9,46,11,18,13,48,30,11,43,9,5,17,41,18,20,9,6
