16,29,11,46,24,43,16,40,24,32,35,27,20,25,46,16,22,39,35,22,48,22,21,13,26,35,46,36,41,23,15,46,45,32,24,27,24,38,22,41,39,43,20,16,15,48,19,13,27,26,21,40,32,42,27,24,30,39,11,11,24,28,21,21,10,38,34,50,12,22,31,28,27,27,47,11,46,41,44,27,24,45,28,30,47,14,40,13,31,29,26,43,20,23,12,19,34,27,35,21,33,50,14,29,22,15,48,32,18,47,44,41,26,14,42,11,12,32,47,15,35,44,23,35,24,14,24,36,30,20,40,14,21,37,28,26,24,23,44,33,12,20,14,40,30,44,31,48,47,36,27,24,38,29,12,32,13,30,39,14,19,41,32,24,47,18,13,26,31,35,48,40,25,24,13,28,45,32,21,46,33,39,49,40,34,41,18,31,23,28,17,50,17,21,12,17,14,34,27,21
37,12,28,44,17,24,30,26,28,39,16,48,33,27,26,45,32,49,28,38,32,32,46,42,21,17,41,16,32,44,12,34,17,48,36,27,44,29,22,43,17,25,40,41,17,47,37,47,50,50,49,34,21,30,17,40,36,28,48,23,42,49,23,33,13,33,46,45,45,45,43,50,37,17,14,40,49,37,22,12,20,23,13,23,32,26,39,28,43,47,22,13,39,28,17,34,45,28,33,35,40,29,30,15,38,46,38,25,44,31,50,41,14,49,14,49,30,34,35,42,49,45,36,12,19,35,33,29,41,44,12,43,30,30,15,43,12,21,42,43,12,41,20,37,39,18,22,32,36,15,22,19,26,33,46,16,22,12,47,19,21,32,39,33,11,48,18,35,20,13,27,28,33,21,37,34,43,25,23,10,37,35,21,44,28,49,36,21,22,45,20,13,42,26,42,14,28,27,28,24
19,43,26,14,20,28,50,41,38,46,48,39,38,19,21,23,47,14,42,48,17,31,44,12,22,11,16,20,23,45,24,27,31,26,25,38,13,43,44,18,11,46,40,37,44,43,40,44,25,14,45,35,22,19,48,50,44,28,36,37,49,30,40,23,16,41,24,23,49,41,19,41,50,16,37,22,39,24,14,49,36,28,44,15,47,11,46,24,45,21,16,25,34,38,16,40,38,32,21,32,37,32,35,15,45,32,19,35,20,45,48,29,15,14,25,49,43,28,25,38,22,48,12,21,12,35,38,31,20,38,44,44,37,43,18,31,32,20,23,17,30,25,13,19,44,19,48,41,41,48,24,29,23,39,17,15,29,41,16,30,45,47,40,27,21,39,42,39,46,33,23,18,36,30,33,15,32,35,15,40,26,28,16,42,38,42,37,20,22,45,17,29,47,26,26,32,33,41,11,24
38,12,24,23,49,19,21,25,29,23,37,19,32,39,49,32,17,49,33,44,29,13,13,42,23,48,11,39,13,40,30,33,48,50,49,15,15,21,43,46,39,22,30,26,14,44,32,31,18,22,49,49,45,42,33,34,26,45,24,31,12,23,43,35,45,15,24,43,21,19,33,37,36,47,18,47,38,49,32,42,12,30,26,23,41,10,41,37,27,24,24,35,16,23,15,44,14,41,16,20,18,35,33,28,29,20,18,46,25,19,40,36,12,50,13,37,24,13,50,17,33,40,32,22,22,40,40,29,26,10,44,33,49,49,32,46,16,33,44,30,42,24,39,34,46,47,21,35,39,13,39,12,49,29,40,29,36,16,21,30,28,35,15,24,49,50,23,11,38,46,22,37,31,21,36,21,20,40,45,40,11,36,23,26,11,32,24,17,34,33,35,30,38,15,33,11,37,41,47,18
16,14,41,21,24,16,25,44,22,43,31,23,29,39,45,13,22,43,45,41,20,49,47,16,26,26,12,28,29,25,11,45,35,49,24,17,32,49,38,11,11,37,44,19,17,41,21,36,38,33,35,16,25,21,33,28,20,17,44,33,17,22,33,40,42,35,22,43,41,17,31,31,25,31,43,19,19,36,48,50,27,19,46,48,18,12,19,19,18,28,48,22,48,36,12,16,16,32,22,25,12,19,39,29,38,17,12,17,26,40,44,26,46,26,26,24,42,25,21,41,25,15,33,18,15,47,41,27,18,33,34,45,35,15,15,50,28,29,33,35,29,33,31,14,26,43,27,40,25,17,28,20,19,30,23,47,31,38,14,34,12,47,45,38,26,23,29,39,27,43,29,21,19,43,36,16,48,48,26,16,48,28,19,14,29,19,29,46,48,33,33,12,35,39,25,12,23,49,18,47
16,39,31,34,16,45,11,15,39,10,48,33,35,46,43,45,37,40,20,32,16,14,32,47,29,27,28,41,37,43,22,16,40,21,43,14,29,35,15,21,44,26,39,22,10,39,23,40,34,26,32,22,12,11,32,45,44,44,27,34,32,10,14,30,14,42,13,49,11,17,25,20,24,12,22,22,39,43,47,18,45,33,13,40,28,35,44,44,37,26,29,45,18,19,44,26,20,37,39,16,28,47,34,32,20,49,24,43,12,24,25,31,14,47,32,26,19,36,40,42,49,15,42,37,46,12,34,38,41,35,48,49,23,31,36,22,10,14,36,49,15,22,22,14,37,47,22,37,43,32,25,15,50,42,11,12,31,37,12,14,27,38,37,12,10,24,25,41,34,13,15,21,23,39,46,32,12,42,40,18,28,33,19,37,11,17,13,39,24,26,22,28,11,11,17,19,28,34,21,41
17,16,49,28,14,22,32,16,27,41,21,15,46,24,26,31,17,39,32,38,50,43,44,38,36,16,48,48,26,21,42,18,14,30,20,30,10,28,10,18,28,22,25,28,12,26,48,17,29,16,32,30,18,21,43,50,42,22,18,33,30,11,31,38,20,28,17,43,11,49,33,20,46,28,46,32,33,26,23,40,40,39,40,22,14,21,42,15,46,39,25,39,10,40,48,41,18,45,11,49,13,41,29,28,22,19,47,48,16,46,35,48,12,33,47,19,49,48,10,35,46,44,33,45,30,32,29,40,44,44,36,16,35,39,45,48,28,23,44,36,12,25,23,48,19,44,14,14,16,42,28,12,41,40,45,48,18,38,31,38,17,35,21,41,29,26,37,12,23,35,16,43,44,43,39,37,36,42,41,17,41,23,23,43,50,27,30,23,22,38,12,47,16,23,13,50,13,16,21,36
47,31,22,22,24,32,22,14,34,22,14,40,41,13,20,35,11,13,25,39,14,49,38,32,43,37,23,11,17,20,13,41,14,33,28,34,22,49,41,39,32,44,49,49,20,38,10,15,26,35,40,35,12,14,46,25,24,23,27,36,20,12,33,36,29,20,44,41,10,21,15,29,42,41,16,50,31,42,32,39,12,49,42,21,47,34,26,42,16,45,47,20,13,26,20,28,35,26,14,40,30,25,11,14,12,11,15,36,38,21,32,33,20,37,33,15,34,12,47,49,45,46,45,36,40,15,11,28,35,48,43,37,45,48,24,20,20,43,12,35,33,24,25,22,38,38,21,40,31,21,50,39,19,37,33,17,10,33,28,12,43,44,36,29,27,32,21,18,43,33,42,12,38,29,13,44,25,19,48,41,21,40,19,22,46,39,48,43,32,35,21,47,11,23,33,14,39,29,46,30
47,46,12,43,41,35,47,30,17,42,19,49,49,29,46,12,29,41,19,14,23,45,38,42,45,41,24,38,38,49,38,30,26,47,10,47,27,14,11,17,24,50,39,46,43,13,18,14,49,41,14,47,22,13,18,18,36,31,47,34,22,19,48,34,24,44,14,37,45,25,32,49,47,40,42,15,32,26,27,17,30,40,44,48,29,12,30,50,13,44,47,45,15,17,30,21,10,28,45,50,13,18,20,22,41,40,46,44,24,28,38,18,16,36,46,27,47,39,15,10,47,26,11,34,27,18,29,23,36,22,35,25,24,22,14,29,41,27,37,21,28,48,37,22,21,15,31,48,48,47,39,32,49,24,49,25,32,22,21,22,30,45,26,12,12,37,39,22,14,40,46,23,41,45,27,32,14,14,39,36,15,40,17,31,40,18,35,48,11,47,37,38,11,24,18,34,18,27,48,39
43,16,46,13,30,46,43,42,44,38,29,23,18,47,43,23,14,39,20,48,21,37,33,36,41,39,28,16,39,25,25,43,48,17,34,49,30,45,13,39,24,11,42,46,39,11,42,47,13,27,41,22,28,34,16,45,30,38,18,15,43,46,12,22,17,40,35,45,29,24,25,36,11,30,35,43,25,22,11,21,18,27,46,15,40,16,36,11,20,15,15,36,14,24,32,15,33,35,40,12,46,44,36,15,30,22,38,35,23,36,30,25,13,45,12,28,16,43,44,25,47,32,30,10,46,34,12,33,24,40,18,45,38,48,13,42,21,46,24,23,46,37,47,39,27,39,50,17,42,24,43,24,21,46,41,12,18,15,22,30,35,15,41,29,25,26,42,31,19,38,28,35,11,49,11,45,41,17,31,33,35,27,13,37,16,47,35,32,11,12,19,42,47,15,39,20,43,18,10,13
40,14,46,11,38,23,20,18,22,36,22,39,15,27,17,20,45,43,41,35,28,33,23,49,25,18,50,46,21,48,18,21,25,26,11,38,46,35,20,17,22,19,41,44,20,27,39,25,32,35,33,42,12,13,28,28,49,46,45,11,24,16,19,40,38,48,34,47,38,36,47,39,17,24,31,13,38,48,13,36,35,42,21,48,49,46,45,36,44,35,47,17,42,31,18,45,25,47,38,38,23,41,25,47,34,33,44,33,19,25,10,47,41,25,24,39,15,23,17,49,49,26,20,22,13,46,28,40,41,50,23,45,48,34,27,46,16,48,44,29,36,23,35,22,10,25,33,45,43,25,44,25,25,39,32,48,25,10,25,36,13,14,20,20,42,26,15,15,36,46,18,34,28,36,36,17,32,27,13,11,25,36,19,39,39,36,24,42,45,15,48,28,37,20,14,25,44,41,13,26
36,17,50,42,22,34,49,29,48,30,29,28,29,13,24,12,46,41,17,37,50,42,24,14,46,22,11,43,36,29,36,14,39,19,27,44,32,21,14,25,45,12,14,35,34,13,22,16,27,15,29,47,32,35,14,20,11,16,41,37,40,39,14,36,43,41,10,37,13,19,40,33,19,41,37,13,18,44,16,49,30,36,12,35,13,39,29,18,48,17,18,48,27,47,17,13,17,36,35,30,29,36,16,28,15,20,44,44,22,23,15,48,46,20,36,32,36,25,22,32,23,50,49,30,47,46,19,46,13,43,35,17,48,15,43,39,24,18,45,30,46,39,10,36,26,32,33,16,42,31,39,34,49,14,45,18,45,25,22,13,26,27,39,16,12,48,24,45,35,25,14,32,47,29,25,49,28,13,31,43,40,49,13,36,35,40,25,25,18,47,13,27,11,35,39,19,12,36,42,47
25,18,40,39,43,42,36,37,50,20,37,34,35,16,16,27,21,18,13,30,34,15,48,21,33,11,28,48,17,21,36,17,23,35,32,27,19,40,37,38,16,21,10,38,40,23,32,13,47,11,40,11,17,35,48,18,20,14,31,29,39,46,42,27,26,33,12,26,16,30,15,45,18,11,16,36,49,23,41,13,47,29,16,43,22,22,10,18,40,36,29,21,46,46,10,38,11,29,46,41,29,26,35,24,16,18,49,17,25,28,16,31,19,27,50,12,27,49,49,11,27,44,28,17,46,39,14,48,28,16,25,15,27,26,45,36,17,24,17,12,43,15,38,26,43,37,28,44,27,44,22,24,14,27,23,17,31,43,50,34,34,29,12,33,17,30,31,38,26,47,32,18,39,45,20,26,22,30,37,31,26,30,25,41,30,18,38,29,19,33,36,12,36,45,10,26,31,18,24,33
50,44,27,35,29,18,27,19,16,13,22,32,13,10,33,16,20,30,35,35,44,21,12,21,34,29,25,50,45,45,41,16,29,11,32,42,34,30,28,30,11,20,30,23,38,19,40,49,41,26,23,29,41,31,33,22,27,37,31,41,36,44,27,34,39,11,40,49,45,48,46,25,45,38,24,10,11,12,46,20,40,19,17,41,40,36,33,17,31,20,34,50,16,13,21,46,17,12,38,34,43,44,24,46,13,20,24,28,15,20,44,48,24,32,28,46,15,39,33,49,50,33,34,32,46,37,11,25,49,36,14,11,14,38,22,44,23,38,13,23,37,48,25,37,30,36,46,36,24,22,37,46,28,17,28,36,32,12,41,22,19,27,20,32,47,12,41,27,48,37,28,49,21,27,11,47,34,23,17,40,30,44,11,50,13,29,49,26,24,32,41,33,25,16,11,16,26,11,14,32
24,27,43,12,46,11,21,24,41,10,33,42,38,39,35,43,13,15,40,16,12,13,33,25,42,30,12,44,42,29,24,34,25,25,19,33,30,48,17,47,48,19,33,19,47,12,27,46,14,24,46,36,29,13,18,21,37,46,38,10,10,26,17,44,17,27,24,18,13,50,17,29,46,48,19,36,33,40,15,25,19,15,32,18,42,22,17,21,44,29,26,33,41,12,34,34,36,31,39,38,50,40,47,23,33,32,14,22,22,38,15,35,38,12,20,49,27,26,48,30,44,36,22,18,34,14,15,36,39,41,23,18,20,30,25,12,37,11,42,28,27,32,39,45,31,27,21,42,38,19,32,14,17,26,43,44,50,24,41,26,39,45,14,12,26,12,42,24,21,16,14,15,21,42,26,13,41,24,28,17,43,13,23,34,46,15,41,12,14,10,19,25,42,29,32,27,46,45,45,27
46,20,34,32,44,47,39,42,50,32,29,43,18,11,24,14,35,37,13,35,44,36,40,14,22,21,19,24,25,23,28,17,28,38,13,43,23,25,15,34,44,31,14,32,28,14,13,15,47,16,20,12,29,43,39,25,32,23,41,29,19,39,16,10,22,31,25,35,37,24,27,31,27,46,37,18,47,21,36,47,31,36,31,50,46,39,39,16,48,16,28,23,11,37,11,16,13,20,20,14,47,11,31,26,24,12,23,39,39,22,19,46,31,48,42,41,37,48,13,37,34,48,21,13,17,16,41,14,26,35,33,24,21,43,35,29,49,31,10,20,49,49,40,48,35,30,11,20,45,16,30,12,37,44,32,37,33,48,36,14,28,11,34,45,49,39,31,24,26,11,18,32,42,30,35,21,30,34,26,32,32,46,19,35,31,18,50,42,22,34,47,13,47,41,37,29,41,45,37,30
37,24,47,42,31,43,25,17,33,40,35,27,39,11,47,21,15,17,38,35,47,33,31,27,31,42,50,41,17,38,29,27,31,44,27,19,27,21,20,14,49,27,25,25,34,28,21,28,50,40,20,44,35,14,39,35,18,48,28,19,37,19,22,30,39,30,25,41,46,35,17,41,48,15,49,20,23,48,33,26,34,50,46,21,43,40,20,25,20,20,18,17,31,15,11,39,46,45,32,27,10,42,10,28,45,46,28,39,43,43,14,41,39,41,44,27,20,44,39,20,14,36,35,15,20,35,33,17,44,13,27,34,43,26,33,24,19,25,49,38,31,18,17,24,19,21,27,43,20,15,13,30,31,15,20,26,28,46,49,27,38,17,43,28,38,32,13,50,46,50,33,34,28,21,48,40,26,38,48,38,25,43,43,20,43,17,39,35,21,23,45,24,16,36,47,14,17,11,34,13
40,33,42,32,11,32,22,35,42,12,43,12,20,17,48,17,11,23,32,41,35,40,18,20,20,45,47,24,20,36,50,50,39,13,42,25,39,25,30,40,17,41,48,37,39,47,44,47,29,15,18,42,11,17,15,27,16,19,35,34,11,27,21,15,17,49,14,25,20,25,46,44,19,25,20,38,31,25,14,33,28,20,34,15,47,22,23,45,10,46,15,40,47,30,27,24,19,50,44,35,14,21,45,12,16,26,37,31,35,40,27,48,42,20,26,10,10,29,12,14,15,26,29,30,47,39,47,26,40,15,33,27,21,30,31,15,47,32,33,27,22,22,12,11,24,24,50,34,14,18,22,36,38,17,13,35,32,11,39,31,10,32,42,38,20,26,13,30,13,25,25,16,37,33,45,31,36,29,13,19,36,47,31,38,36,29,47,32,42,46,27,14,41,12,29,47,38,11,19,38
46,41,24,19,43,31,22,20,11,21,32,32,38,47,26,14,23,37,30,34,23,36,31,39,43,15,24,26,46,39,40,31,32,48,48,30,21,43,33,38,12,36,25,45,24,35,38,17,41,18,40,36,24,25,15,20,42,19,26,46,43,31,20,20,19,26,30,33,12,34,14,35,46,45,37,38,40,11,40,42,30,49,50,29,11,39,13,32,36,14,11,46,11,19,23,11,28,21,39,30,40,47,45,10,36,44,31,34,19,15,21,29,11,26,37,20,43,32,49,17,47,14,49,23,34,39,30,12,40,33,50,49,16,39,31,45,15,48,49,32,10,40,15,50,48,49,29,14,31,15,25,43,22,16,38,46,24,33,11,24,20,20,17,38,21,20,35,16,24,16,18,11,49,38,35,30,42,45,35,27,13,17,44,36,49,20,10,50,25,35,11,36,30,25,19,21,24,40,39,22
25,49,44,48,29,35,29,47,21,32,23,42,31,30,21,13,47,40,19,10,44,21,17,32,45,37,16,40,24,38,14,39,50,36,33,48,46,24,18,43,23,34,41,47,30,46,10,39,32,24,27,48,21,23,37,43,43,20,24,11,39,18,24,46,49,18,34,39,25,42,36,25,15,23,12,17,18,36,13,45,42,11,48,28,47,18,43,47,26,15,46,23,37,38,44,25,11,49,37,13,29,44,35,24,42,33,15,16,11,46,32,37,14,32,30,39,31,36,36,48,38,29,19,17,46,45,15,22,41,11,11,17,14,35,44,29,17,24,15,29,40,25,41,31,24,41,46,17,50,21,36,36,49,13,31,28,39,17,37,34,42,33,39,47,14,20,47,17,12,31,47,20,38,40,44,25,37,13,27,19,34,14,39,29,27,22,14,42,13,39,11,34,34,25,37,16,30,34,50,35
38,24,27,49,35,34,49,32,19,41,28,31,39,46,16,29,18,32,32,46,32,50,27,27,31,48,33,48,40,27,36,39,41,38,23,45,32,35,47,12,26,36,46,12,28,47,35,20,39,34,11,27,34,39,42,12,15,48,18,20,21,40,43,38,18,20,24,30,18,11,45,36,13,26,11,41,16,43,32,28,50,32,43,22,29,21,29,42,23,20,44,24,35,35,14,15,46,39,26,46,25,21,11,12,43,36,33,41,20,44,14,28,48,11,30,18,21,43,31,39,43,39,32,17,41,39,24,23,47,26,38,21,24,49,41,14,35,46,11,38,27,27,14,44,37,27,37,13,46,21,44,24,47,31,17,40,26,26,16,15,41,11,18,14,17,29,46,44,33,31,35,41,29,45,38,39,20,48,31,39,35,23,13,42,18,18,22,35,10,15,28,17,47,42,37,22,39,18,12,39
21,22,35,15,27,33,30,31,14,21,44,41,21,36,37,49,40,28,44,34,13,21,49,36,32,39,14,46,15,25,41,44,28,40,34,34,14,36,21,42,14,38,47,43,40,19,49,37,21,37,21,34,16,49,12,44,44,48,50,14,25,49,19,21,17,49,36,32,27,39,21,19,16,39,34,33,10,28,20,12,28,35,42,47,28,25,41,18,26,42,31,14,16,48,47,24,24,32,19,16,32,16,29,31,14,21,48,17,49,19,30,29,50,20,37,31,32,29,34,34,15,29,23,30,48,17,50,33,14,31,29,42,48,48,23,48,46,50,27,17,34,32,44,42,30,21,34,25,37,50,32,44,40,30,12,23,29,17,21,29,29,22,10,44,46,34,24,46,26,38,28,31,48,15,34,22,32,34,21,37,21,36,23,15,29,46,37,23,40,30,42,49,23,33,38,41,29,27,18,25
29,25,21,49,22,36,33,47,40,21,50,10,13,45,19,35,21,18,39,39,36,15,25,21,48,22,20,39,27,31,46,18,38,39,24,15,12,37,47,39,14,30,27,36,21,40,47,12,24,38,23,26,48,33,41,15,34,27,26,48,48,13,43,19,44,22,37,40,25,45,15,32,43,32,14,45,12,19,37,13,33,32,47,34,28,48,41,30,43,30,45,23,31,48,18,19,30,40,26,29,28,15,46,46,10,27,50,41,24,25,39,22,19,31,14,17,50,26,39,22,28,30,29,37,14,49,20,16,20,17,31,22,36,31,16,37,26,13,20,37,29,50,31,44,24,31,48,11,49,27,48,16,22,34,17,37,40,26,32,39,30,43,21,19,47,42,33,43,35,24,47,19,43,39,10,43,50,13,19,40,24,35,41,18,28,47,34,30,23,10,46,13,26,25,40,45,44,10,13,13
28,16,22,36,38,18,30,29,19,29,12,31,45,22,37,16,22,20,20,43,13,47,19,32,46,40,32,20,31,46,17,27,32,48,24,12,19,47,43,22,20,13,17,20,45,28,31,30,43,40,35,24,47,30,39,17,17,46,39,19,46,37,26,33,37,30,34,19,42,40,15,25,28,49,15,20,12,12,16,44,18,13,42,24,47,31,45,27,21,11,46,13,29,16,40,35,22,17,17,36,49,41,21,24,36,40,43,25,28,39,15,47,46,36,23,50,39,46,15,50,37,34,31,13,31,28,46,14,29,41,24,21,23,32,22,15,47,22,16,39,14,46,26,22,40,49,17,12,27,36,24,41,47,48,15,46,44,11,12,40,11,12,36,50,16,20,46,33,41,12,34,39,13,28,36,11,36,14,40,29,33,40,43,16,38,18,45,39,45,11,42,14,42,36,27,50,20,23,49,22
10,44,27,27,16,39,42,31,45,26,11,25,29,45,36,19,48,40,25,26,14,30,22,47,15,47,29,22,35,13,31,36,11,26,23,31,19,19,31,36,34,14,32,21,44,10,22,32,28,37,44,11,46,33,34,47,22,33,25,35,26,38,14,19,34,28,33,13,13,42,27,26,29,11,42,22,35,41,19,34,42,24,36,42,14,41,35,15,21,24,38,23,32,22,23,10,15,40,39,22,17,45,29,36,31,18,31,43,30,24,16,44,34,38,23,31,39,41,34,35,19,39,38,29,44,44,46,45,13,13,44,45,43,24,31,48,46,31,44,38,35,28,15,31,33,43,23,16,42,16,21,29,43,23,33,29,28,15,46,12,33,27,42,40,36,15,17,44,42,37,42,40,48,37,22,47,24,11,28,23,23,24,29,24,41,11,13,29,31,41,30,43,16,46,27,19,13,20,34,47
16,38,22,32,14,13,45,13,29,49,22,17,29,24,41,46,36,24,42,29,14,23,46,17,22,50,23,11,23,31,20,50,20,29,48,46,19,43,26,28,21,19,31,40,19,40,41,22,28,43,49,39,28,30,16,30,12,34,41,42,47,23,46,50,44,44,38,12,30,14,12,35,15,25,21,35,38,13,33,20,17,32,20,25,41,19,33,25,39,12,46,45,18,23,24,31,11,17,21,14,25,44,46,48,31,47,23,46,27,17,33,37,34,16,33,24,32,38,20,43,43,20,14,29,19,10,49,29,23,20,22,20,12,43,22,37,21,49,25,25,32,28,20,21,48,47,30,24,50,30,27,11,22,16,23,46,15,28,13,39,33,39,45,16,44,32,41,42,35,15,26,19,18,11,24,37,29,16,22,18,46,22,21,15,12,17,32,17,32,36,13,30,45,24,34,12,25,45,44,12
18,22,29,16,12,29,28,15,50,49,16,37,48,31,13,44,31,13,28,14,22,36,28,19,43,13,41,42,38,41,31,43,13,15,39,11,43,26,22,38,46,22,14,46,32,18,14,37,28,49,41,26,19,41,13,15,12,16,15,47,49,43,32,17,25,17,33,44,39,46,33,24,41,19,13,44,16,44,17,26,38,29,49,12,43,13,27,19,42,10,10,21,39,19,44,32,47,12,26,48,35,45,47,33,20,43,23,47,38,39,17,34,15,46,30,25,43,24,41,25,19,19,50,48,40,33,20,28,32,37,32,48,35,47,48,34,26,20,41,23,14,14,32,26,19,39,18,24,33,45,25,13,10,11,37,39,47,35,29,44,15,13,36,10,22,36,23,13,47,19,15,29,24,41,34,25,36,22,20,30,39,31,24,50,46,50,15,13,14,10,33,30,29,30,23,11,13,22,32,21
36,32,13,13,31,29,22,49,33,30,42,32,49,23,19,39,24,11,27,45,34,43,44,36,46,17,46,38,40,30,23,13,38,24,50,47,25,21,36,29,37,20,23,49,34,22,18,43,46,20,49,35,39,44,29,45,13,17,41,22,39,13,42,40,19,35,23,29,28,24,45,13,37,24,32,20,28,27,13,31,26,39,20,40,27,36,49,43,13,25,16,34,47,20,11,32,11,27,17,46,19,24,30,35,30,14,21,46,15,22,31,43,18,14,44,17,32,48,47,30,48,23,34,47,27,48,49,19,24,48,31,45,14,33,50,35,16,40,29,34,16,18,27,17,38,16,41,20,47,11,49,15,14,29,32,22,31,15,38,25,45,26,45,33,30,21,41,30,29,21,34,39,38,15,18,42,49,33,17,43,38,43,11,49,20,45,10,44,16,35,29,34,34,24,37,14,33,44,29,13
17,14,23,23,41,30,47,22,40,48,13,32,48,42,24,34,44,35,37,43,21,20,19,17,20,35,20,47,16,35,44,37,33,31,27,23,48,20,35,19,44,30,43,46,33,28,46,47,34,43,11,24,15,21,32,31,26,49,33,22,38,11,31,26,41,41,17,17,15,36,15,12,20,32,21,14,26,14,46,46,26,15,41,47,28,45,18,12,43,24,11,26,42,24,27,35,39,20,30,13,20,25,50,14,27,29,10,15,31,37,14,17,34,12,41,43,31,16,33,41,12,28,42,28,18,48,12,18,40,25,15,39,34,13,14,33,28,31,44,47,19,20,16,15,27,15,44,35,33,27,22,30,31,46,16,33,47,12,27,19,10,40,31,27,42,47,43,47,49,25,25,27,44,18,41,16,22,31,28,45,22,10,29,40,40,12,36,21,45,47,30,26,38,34,14,12,22,20,24,17
34,28,47,32,21,49,22,12,31,24,38,31,48,35,17,26,19,36,16,43,15,39,16,20,16,32,17,44,37,30,41,34,27,40,38,14,35,30,44,32,38,16,48,19,48,36,49,45,38,34,21,26,23,27,20,40,47,11,41,12,24,13,26,47,34,24,12,39,40,19,39,45,45,25,47,47,45,43,32,39,11,22,13,34,12,16,41,25,46,22,11,50,39,39,44,16,37,44,21,40,48,29,15,23,11,24,42,11,29,47,29,28,38,13,11,47,23,14,33,11,23,27,43,28,18,29,42,19,33,23,19,21,32,28,37,47,11,20,39,49,33,12,10,38,40,35,46,21,20,38,15,38,13,28,10,19,22,47,40,23,23,19,38,49,46,28,43,23,39,16,48,13,31,31,42,44,49,11,38,11,16,28,37,30,24,47,46,47,31,40,22,46,37,30,30,27,26,21,18,38
29,34,25,37,43,12,47,37,20,31,40,21,38,30,23,49,20,24,14,48,42,30,23,31,37,25,38,45,24,31,23,31,38,32,19,21,15,33,30,28,45,34,23,37,45,17,40,15,41,17,29,24,12,17,31,33,23,50,41,48,22,29,42,13,46,43,38,13,22,26,49,33,43,45,47,32,37,31,33,31,18,21,16,19,32,25,11,21,17,39,29,21,45,47,25,48,41,40,16,12,16,38,11,39,33,16,27,48,30,44,13,15,23,27,14,41,39,12,36,24,21,34,12,43,11,45,40,28,47,45,11,28,37,15,47,27,10,32,36,24,49,18,40,14,26,40,42,25,28,44,14,31,28,26,14,48,34,17,39,34,34,19,38,16,27,41,20,35,28,37,29,36,18,17,18,27,16,28,32,11,36,42,31,13,22,49,19,30,38,19,31,19,43,16,15,44,11,12,16,25
39,18,39,21,21,36,29,40,37,48,49,12,36,40,47,38,12,36,24,36,48,34,36,31,11,23,39,33,30,22,39,46,47,20,36,41,48,14,33,25,50,30,50,39,40,48,12,36,17,10,49,41,16,32,13,42,32,35,33,42,15,46,47,18,23,31,42,47,21,48,29,24,36,36,31,39,29,31,14,32,46,17,37,12,16,46,32,48,29,24,22,34,15,31,24,24,35,33,24,17,39,14,33,49,16,26,13,48,19,33,28,20,44,24,45,23,36,37,14,46,36,28,16,31,11,28,34,46,17,36,38,32,14,16,48,49,25,29,22,15,34,35,46,14,19,28,36,47,29,16,39,21,23,16,21,26,29,41,18,29,13,44,42,19,20,15,17,37,40,34,42,24,12,29,15,36,29,38,22,10,40,40,14,13,14,37,40,22,17,28,48,41,12,12,38,38,21,21,41,26
11,33,29,36,47,37,36,39,34,10,29,14,23,24,28,10,37,39,49,28,23,40,34,36,23,16,29,30,32,10,35,46,27,17,50,35,44,42,27,34,47,41,48,47,30,34,28,14,16,20,38,41,34,35,24,14,44,25,35,47,20,17,31,50,23,23,30,42,18,46,31,37,11,23,47,20,42,20,29,39,39,40,34,41,22,40,29,31,42,37,15,14,37,44,44,11,36,17,34,17,42,31,24,33,45,24,34,10,39,17,25,24,25,37,34,31,49,50,21,49,27,14,44,33,14,47,20,44,33,19,11,14,47,39,46,30,39,44,11,35,43,33,38,42,23,39,27,25,45,14,18,24,13,17,42,25,44,21,48,36,28,27,19,29,35,23,30,39,23,40,42,20,14,11,20,47,38,43,48,14,33,22,32,24,27,25,40,21,40,45,18,42,16,27,28,13,36,37,15,13
14,35,46,19,38,14,31,45,13,41,42,18,18,39,23,28,15,19,44,44,46,37,20,24,11,13,18,39,48,42,47,12,22,43,44,42,27,46,37,31,23,29,22,41,16,40,17,35,22,11,19,13,34,37,30,39,50,42,10,23,16,17,17,19,44,17,23,37,27,42,49,38,26,49,45,40,48,22,42,28,42,18,21,32,24,32,26,32,19,48,20,44,49,46,17,40,32,10,25,32,33,19,37,50,14,43,39,16,32,30,14,30,24,20,11,12,47,47,27,15,20,10,37,12,49,40,13,38,11,15,48,15,34,33,30,28,11,22,13,38,36,20,24,48,35,19,27,35,32,23,12,32,41,28,44,39,16,38,27,18,25,35,27,49,50,25,27,17,15,30,33,17,38,36,22,41,48,26,41,34,39,36,33,44,43,37,38,35,46,48,31,20,35,46,11,37,23,42,37,26
46,41,37,39,49,29,39,15,22,12,23,31,32,22,16,39,20,21,14,34,32,42,10,32,35,28,33,20,43,27,43,21,41,13,18,43,20,35,32,18,29,15,19,31,42,45,13,34,25,23,23,48,32,17,35,19,35,27,25,39,30,13,43,31,22,15,11,28,46,44,21,37,28,12,14,30,13,21,25,41,23,42,44,11,37,42,41,34,36,44,12,11,35,37,45,20,21,13,43,46,15,11,12,19,13,20,44,39,22,24,27,35,18,34,22,22,21,24,16,30,11,17,42,41,25,22,49,21,13,27,30,48,46,39,36,48,24,40,44,43,49,20,40,42,42,12,20,32,25,37,31,11,27,19,47,15,14,19,17,29,13,19,19,30,26,43,23,32,19,43,47,48,42,33,12,24,30,31,44,34,20,19,20,26,38,12,44,19,33,38,34,35,13,13,12,18,14,12,42,48
41,11,18,24,16,33,41,48,14,20,39,37,42,26,47,47,34,38,41,41,40,21,12,18,49,42,22,36,25,45,24,48,24,30,47,19,40,16,21,12,44,34,38,22,25,34,13,49,30,18,17,11,12,20,13,42,45,40,15,34,48,29,11,20,26,12,48,47,50,31,39,14,15,16,19,39,13,20,38,37,32,24,33,48,20,37,31,31,12,31,46,30,42,43,15,12,35,49,13,22,21,47,35,15,12,34,12,17,47,19,10,19,22,38,30,17,21,20,42,37,28,39,46,44,15,28,42,42,27,38,44,31,35,36,13,32,26,42,45,30,25,11,27,39,25,28,38,18,34,46,10,27,13,36,21,46,18,44,46,34,21,20,33,32,38,49,25,12,30,31,35,11,14,29,13,44,13,29,22,23,50,29,45,34,17,16,13,37,38,17,37,47,35,46,35,46,26,44,14,11
39,29,16,26,32,25,20,26,21,33,33,35,35,33,29,45,20,27,36,24,13,43,14,38,46,13,33,34,39,50,20,27,24,41,38,49,44,28,43,32,15,19,18,17,40,33,36,12,26,28,29,35,41,13,12,44,33,34,21,18,20,29,21,13,36,23,27,28,15,40,30,26,42,46,39,26,29,29,41,35,10,41,46,26,26,14,35,25,24,12,41,15,34,20,24,37,13,23,40,30,47,18,46,44,46,41,27,20,19,33,35,22,35,12,26,30,22,23,29,35,28,29,47,22,12,38,21,29,17,21,18,10,34,42,34,31,47,19,26,30,13,21,38,50,33,47,45,12,17,23,35,19,24,22,21,11,24,32,41,14,20,35,16,47,14,34,39,49,44,37,16,33,36,20,20,40,13,44,47,31,32,36,17,45,34,29,50,27,10,19,20,41,33,20,14,36,42,13,42,41
49,46,27,26,23,31,26,13,30,36,13,16,38,32,10,32,13,28,28,10,23,35,22,25,26,34,23,48,16,49,27,37,18,45,41,47,45,33,29,30,29,44,33,12,19,38,17,25,33,37,49,16,41,34,48,17,27,29,45,48,42,37,31,20,22,41,11,16,30,12,20,47,31,35,48,45,30,15,31,27,49,18,42,34,42,29,39,37,21,14,37,38,31,25,20,44,17,31,35,35,29,19,14,48,15,16,14,20,36,14,35,39,22,12,16,31,39,42,13,34,49,30,31,13,17,12,48,18,31,15,36,33,39,18,40,15,16,17,43,13,23,19,47,41,14,21,14,37,33,18,43,36,47,16,31,49,32,43,46,24,19,32,48,29,19,27,46,18,19,31,33,35,23,17,44,31,33,17,36,17,15,31,36,29,25,13,49,48,45,46,34,14,29,19,16,37,42,21,49,50
13,29,49,15,45,13,18,37,23,28,28,38,27,11,13,25,30,37,29,18,45,35,12,36,29,21,17,18,21,38,23,44,15,35,25,46,18,36,49,15,31,40,20,19,35,41,13,46,17,11,33,11,41,21,50,16,19,37,29,14,50,44,38,42,40,22,27,23,32,23,26,40,34,14,42,25,29,18,14,31,28,27,24,24,23,40,13,14,39,43,42,42,35,25,34,11,11,32,47,43,31,46,25,20,38,44,43,28,14,40,30,36,12,48,37,33,37,21,49,16,45,18,40,13,34,18,42,13,30,35,33,12,12,48,31,45,36,40,40,13,25,19,22,47,12,35,13,12,42,46,32,19,39,49,23,20,48,31,33,30,37,45,38,40,25,21,33,28,44,28,19,15,41,44,19,13,39,14,49,47,42,17,17,23,41,46,25,21,15,31,20,45,37,16,13,16,18,21,45,20
20,19,40,42,12,18,49,11,46,48,42,17,31,40,12,25,14,16,38,41,48,20,39,22,24,19,40,15,15,45,37,24,24,32,42,32,22,14,31,11,13,22,29,14,47,22,40,35,38,23,33,34,42,46,14,31,11,24,41,28,28,27,31,25,32,45,47,24,36,25,46,36,23,42,48,38,13,20,36,26,27,20,45,38,31,31,42,28,34,18,46,24,24,27,30,30,17,21,39,46,24,18,27,49,25,34,18,41,41,50,36,41,37,17,24,30,49,14,41,14,29,47,39,36,44,12,23,24,12,12,10,23,27,35,30,37,35,24,18,43,11,23,22,49,39,11,48,28,32,43,22,30,42,30,26,25,16,40,15,35,16,38,19,44,40,42,28,11,12,18,43,17,31,28,48,17,30,44,37,30,32,15,14,36,38,15,35,50,24,36,33,42,21,26,50,27,47,26,37,27
25,37,31,37,27,12,40,12,42,11,19,44,40,16,36,17,12,23,17,47,20,42,43,34,35,45,21,34,46,32,44,27,42,28,17,50,40,47,35,32,22,33,41,14,16,11,39,20,13,46,44,22,47,33,24,18,48,11,45,28,44,22,38,35,21,17,46,38,10,50,26,18,47,46,36,34,46,27,40,14,49,50,16,41,11,21,17,33,37,46,26,12,37,13,39,37,34,41,32,44,38,39,29,39,24,25,30,23,47,21,42,20,11,34,31,29,22,23,44,21,26,47,48,18,26,25,33,38,39,11,32,10,46,35,28,22,49,22,14,29,19,17,28,11,21,10,35,35,35,20,44,30,29,29,20,31,29,31,12,49,26,49,48,29,36,40,33,19,41,17,28,18,47,18,31,18,34,48,35,33,42,28,28,28,16,13,16,24,22,46,34,19,20,49,12,14,40,35,48,37
12,23,22,25,34,31,35,14,35,23,47,33,41,27,19,45,16,38,19,37,45,18,38,49,21,23,24,33,11,26,50,49,27,42,19,38,36,20,32,41,12,27,43,28,27,14,34,32,31,38,14,49,40,18,48,10,33,27,27,35,11,33,14,41,18,44,19,23,24,21,21,47,35,39,49,26,13,22,28,24,31,30,47,49,35,24,48,39,49,28,39,35,16,15,34,30,33,23,49,13,30,11,38,29,43,31,27,18,28,38,11,27,40,30,48,28,33,35,10,40,34,12,20,45,36,42,12,25,34,14,47,13,12,36,29,20,12,32,38,44,43,37,45,25,39,24,11,12,10,17,48,29,15,30,13,11,39,48,20,16,14,25,13,15,32,41,11,15,20,39,20,21,14,43,41,25,41,12,50,12,47,38,30,23,17,11,27,20,32,35,11,34,31,47,43,31,29,14,11,44
32,40,26,46,22,21,37,47,46,38,30,17,47,19,12,19,28,32,49,13,47,33,28,14,35,34,21,12,45,16,15,16,34,50,19,31,34,23,36,45,18,13,35,31,13,29,43,22,36,32,47,29,37,29,38,25,32,12,39,13,30,43,30,39,17,23,15,47,28,22,21,42,20,26,19,19,31,10,11,39,27,13,30,11,28,49,25,27,43,40,26,31,41,30,32,50,16,23,35,14,28,50,25,35,16,17,33,20,41,39,19,41,32,14,26,37,11,45,46,39,27,33,48,43,36,43,40,16,36,15,38,20,13,13,38,27,27,11,48,46,37,27,28,24,27,18,40,33,33,48,10,14,40,47,17,46,42,22,19,37,21,23,29,34,19,22,38,31,50,12,40,21,20,11,15,33,39,18,43,34,44,28,34,33,31,46,39,34,45,41,27,39,36,26,15,39,50,45,17,37
42,29,38,36,39,34,15,38,48,49,16,42,48,27,40,23,34,40,31,29,25,22,33,35,23,21,42,16,31,28,29,31,20,34,19,25,40,32,11,35,15,14,12,43,31,28,46,27,10,28,46,26,40,47,25,47,47,43,48,34,28,20,21,38,25,41,18,30,46,49,47,15,10,30,29,19,30,13,31,12,37,33,49,41,26,44,27,27,45,14,21,23,22,40,21,28,34,40,48,27,14,20,17,18,21,30,35,35,35,26,38,25,28,49,12,31,36,43,40,36,15,15,42,20,31,39,43,27,30,18,35,19,19,37,16,44,24,20,16,43,48,17,43,31,39,16,35,13,37,50,44,21,28,33,17,42,26,24,32,40,44,37,46,47,48,11,48,19,28,48,31,17,25,11,31,23,38,48,48,10,42,23,39,24,45,49,26,33,40,16,46,25,16,16,48,12,37,17,41,20
42,19,20,40,19,24,18,36,47,27,44,50,49,44,22,45,33,46,44,25,21,13,44,12,25,38,43,29,39,13,44,13,36,34,48,21,35,13,47,13,11,19,41,30,40,33,35,32,21,43,24,28,26,24,35,12,21,44,43,41,33,46,12,29,33,45,48,19,31,43,41,33,14,40,45,14,30,41,20,22,33,22,23,41,21,48,46,49,47,49,12,34,21,13,44,31,47,44,48,45,46,46,46,16,14,17,48,38,47,27,11,23,25,27,18,50,27,16,40,47,36,49,43,37,37,50,34,30,18,40,41,15,15,43,12,37,16,44,31,48,46,28,17,13,19,40,22,22,28,24,45,14,28,29,45,26,33,23,43,13,25,29,15,35,21,44,10,27,49,35,49,30,30,45,44,41,31,21,36,15,33,18,36,36,36,44,10,22,44,44,13,23,28,32,27,11,15,33,29,47
20,41,17,38,44,43,14,49,44,39,49,14,24,34,30,45,27,16,42,42,48,34,12,21,13,36,20,41,37,13,12,29,12,41,19,20,42,24,18,43,16,46,46,44,18,38,45,47,34,50,23,41,30,31,26,42,15,13,43,24,24,48,21,44,37,12,18,49,21,43,27,37,36,30,21,50,34,47,27,33,40,14,50,39,46,28,24,40,27,17,13,31,23,39,17,48,47,21,29,39,32,41,17,37,48,20,10,44,28,40,44,24,20,29,33,36,19,45,41,46,23,19,41,12,15,39,19,33,23,35,41,28,41,48,12,45,17,41,29,10,11,21,18,47,19,33,10,23,42,16,28,11,33,31,44,42,43,47,15,31,25,16,14,40,26,31,18,35,37,36,49,39,28,12,39,48,29,40,29,44,10,37,14,39,15,34,12,29,25,15,27,33,15,44,30,48,20,14,46,16
14,43,18,13,36,43,32,18,11,27,44,39,23,27,19,14,47,28,45,48,22,29,45,50,22,27,19,40,33,46,26,11,19,22,43,29,37,36,19,12,43,28,16,18,37,33,29,24,32,40,15,22,26,26,41,17,17,34,11,30,29,20,32,15,21,21,20,39,17,39,14,22,23,16,38,12,32,24,41,47,49,27,35,48,36,36,12,23,42,25,42,40,40,31,42,47,16,25,43,49,19,26,34,15,26,33,29,20,50,14,48,42,13,46,39,34,43,20,48,41,17,25,12,14,32,14,44,21,40,23,19,27,18,36,36,38,25,19,17,22,21,33,33,34,19,25,23,27,11,14,40,18,45,17,32,29,39,23,44,36,28,26,18,20,43,46,42,10,32,48,40,22,12,26,29,41,29,35,24,32,43,43,50,24,21,11,27,34,26,26,38,13,40,43,15,45,33,47,30,36
32,11,41,48,40,49,32,12,12,35,37,48,11,27,22,16,29,41,23,34,47,34,22,39,13,20,12,37,33,19,33,40,47,35,15,31,20,18,36,31,12,41,19,11,15,29,41,42,22,48,36,28,27,24,35,23,21,21,20,41,20,34,13,16,16,30,31,38,43,22,36,14,21,28,44,38,21,24,33,44,43,33,48,30,38,36,18,33,50,48,16,22,24,17,40,18,11,39,12,42,15,32,39,37,36,20,35,32,14,32,25,44,32,32,45,35,24,43,16,15,33,28,50,15,33,37,15,22,28,30,15,43,36,12,33,50,28,20,38,18,12,18,29,48,19,16,44,34,46,25,17,24,31,38,41,49,17,44,31,17,44,40,47,40,23,30,36,50,28,13,27,21,15,33,17,29,32,22,27,38,11,48,17,28,25,36,26,21,48,41,39,43,25,13,46,23,46,39,20,43
27,18,25,33,46,25,35,27,37,37,21,33,14,40,36,41,34,34,15,23,30,37,11,30,45,10,44,44,33,13,21,35,23,10,32,36,18,11,36,48,44,36,41,34,20,49,19,18,20,30,13,36,22,35,22,25,34,49,42,28,40,46,41,11,42,49,31,44,31,30,27,47,10,15,27,46,36,29,21,19,20,50,47,43,17,14,11,31,30,19,32,13,17,21,22,30,43,23,33,17,25,30,45,38,21,43,16,48,29,31,40,44,19,11,33,11,20,50,38,44,33,48,24,45,31,23,38,14,46,36,36,10,17,21,44,26,42,26,26,10,20,42,44,50,19,18,21,17,12,31,11,26,34,37,30,41,37,24,13,47,41,36,12,15,33,12,28,48,15,16,17,22,35,44,21,17,47,23,47,48,26,34,21,13,46,16,38,36,23,25,30,28,38,38,29,39,45,31,45,32
37,28,39,32,49,39,11,47,50,19,42,39,49,18,29,44,48,33,22,41,17,44,18,29,34,11,36,11,16,26,34,21,31,18,44,41,19,20,34,42,15,13,18,43,39,25,15,28,26,24,15,28,22,15,43,50,23,12,25,20,40,27,45,27,25,28,42,44,46,20,11,43,16,16,20,29,38,39,17,45,35,46,34,40,49,40,28,23,15,34,44,29,30,30,29,29,21,33,12,23,20,11,50,35,23,44,32,50,45,42,24,14,35,26,49,31,36,49,17,50,15,23,43,10,37,21,28,40,48,28,40,10,26,23,38,19,41,12,49,22,22,13,37,25,44,20,22,15,25,15,16,25,33,21,38,29,11,15,11,48,32,42,39,48,25,19,48,30,46,33,45,41,35,14,41,19,34,31,19,13,27,29,34,49,12,43,26,44,19,24,21,38,12,18,27,30,18,25,34,50
