42,6,40,37,9,39,32,15,32,41,48,21,18,33,16,27,7,16,14,9,43,19,45,11,20,8,19,45,7,33,13,24,6,17,23,13,35,35,49,18,36,6,30,28,34,42,38,13,16,33,30,43,29,32,22,19,6,8,33,9,36,33,44,40,13,46,46,26,21,42,14,25,42,46,15,23,36,14,11,31,8,23,8,16,42,37,9,40,18,24,22,5,21,7,35,48,49,42,46,39,33,8,43,49,29,19,19,34,12,9,10,41,28,25,29,10,11,26,33,9,34,7,28,24,17,25,44,40,32,32,42,44,26,38,24,23,27,23,5,28,41,37,16,17,48,39,18,34,26,34,34,46,18,30,47,28,45,45,37,22,12,10,19,44,34,13,34,42,26,31,36,10,28,39,7,45,27,50,44,12,11,39,33,40,12,49,23,32,15,39,12,24,26,34,45,14,38,48,22,42
32,19,35,18,17,31,41,16,7,31,27,45,22,38,13,27,29,17,36,22,31,46,25,38,26,9,33,31,13,10,36,39,6,13,35,25,46,30,17,10,28,49,17,34,14,46,34,40,36,34,26,13,23,28,49,18,6,14,22,8,36,27,38,17,16,44,26,50,42,46,7,42,24,6,45,17,46,16,9,15,26,49,33,44,47,35,39,42,9,43,36,7,6,9,33,36,48,43,29,24,16,40,22,34,14,48,48,5,24,36,18,36,21,32,41,32,20,16,12,12,33,34,19,36,29,12,37,10,21,27,31,26,46,6,20,11,16,11,16,48,39,15,41,28,19,47,15,23,11,7,39,7,22,12,25,45,12,11,33,50,26,24,37,24,12,8,48,30,15,47,21,39,26,9,16,14,39,42,34,44,49,40,7,44,34,47,33,47,49,12,38,43,25,22,11,9,36,36,43,39
19,50,43,29,25,22,26,28,33,20,50,14,46,11,30,40,45,34,21,11,7,10,45,5,27,6,34,27,11,50,26,49,19,10,30,29,35,14,19,25,14,40,24,18,31,24,30,21,50,5,13,34,20,25,12,13,39,42,12,35,26,27,6,28,33,21,32,9,42,36,23,22,46,14,42,25,37,12,42,32,49,34,30,5,20,33,19,30,43,8,46,25,50,16,44,41,11,16,20,29,26,45,23,11,21,17,49,16,49,26,48,36,34,12,22,48,46,27,6,22,32,11,46,17,11,5,43,27,23,38,46,9,35,43,26,8,40,26,11,45,14,7,13,16,34,36,45,9,49,34,19,9,22,17,6,24,7,18,40,7,21,18,47,24,10,43,49,16,42,41,5,18,11,18,20,27,17,17,17,28,23,28,12,25,11,31,34,39,28,25,23,37,11,23,45,22,31,30,49,24
49,18,45,19,23,16,26,8,28,19,16,21,13,24,25,7,43,7,18,18,6,49,5,43,9,13,36,34,27,11,9,23,24,17,22,26,7,26,18,22,27,14,38,40,37,31,26,28,10,23,29,22,28,9,41,13,16,30,29,38,24,17,30,19,17,38,39,45,19,5,37,38,40,31,7,7,43,7,29,36,10,20,33,42,28,20,20,24,7,33,18,30,5,11,44,10,33,38,25,12,42,19,26,40,12,13,15,24,20,28,34,7,28,26,38,31,11,45,42,36,50,22,47,41,36,15,41,6,48,31,31,35,8,43,30,22,34,24,28,12,24,31,25,24,38,10,14,42,21,25,45,10,35,41,45,23,12,31,11,27,43,49,27,19,49,21,30,25,30,38,43,38,15,38,38,20,5,10,14,38,15,20,49,14,21,24,35,13,33,43,40,41,46,41,7,42,44,12,28,42
47,12,22,42,40,27,7,41,9,11,43,11,31,24,27,20,41,26,44,17,44,10,43,46,16,11,18,29,7,25,12,32,13,40,49,30,23,6,9,20,48,13,42,30,46,17,22,18,28,13,46,41,29,22,27,42,23,49,28,7,36,11,49,23,14,48,20,47,20,23,49,28,6,13,38,44,35,22,29,33,48,47,34,29,50,9,32,46,7,23,38,24,23,44,20,40,18,28,7,42,9,47,18,19,33,10,10,28,43,10,42,19,44,47,14,40,38,49,19,17,17,33,16,24,37,47,32,18,36,40,32,24,26,8,31,35,47,39,18,9,26,44,19,34,36,7,40,9,29,50,35,8,29,6,22,43,31,46,43,20,9,26,11,13,10,49,42,9,16,16,16,15,48,49,36,20,14,38,19,43,40,12,20,22,49,43,49,11,41,45,39,13,38,49,46,17,47,46,32,26
10,10,46,33,28,9,10,27,34,42,19,19,7,5,32,9,12,6,13,35,44,27,38,15,32,26,37,35,28,24,39,50,32,27,11,36,17,22,13,30,8,28,25,26,45,16,27,6,39,47,19,43,23,47,10,28,44,38,14,43,23,29,30,37,36,36,40,45,37,45,26,28,19,9,9,27,47,11,22,5,43,21,36,22,45,35,20,24,42,17,37,41,17,48,7,12,11,50,18,7,31,18,41,30,21,27,14,17,20,25,14,32,17,30,28,40,43,42,32,28,19,23,11,49,44,22,46,49,44,26,46,26,13,16,50,6,36,8,43,32,44,43,36,6,30,28,25,38,43,29,11,31,17,11,14,21,40,25,45,15,17,21,37,32,16,32,32,20,24,11,24,11,6,24,18,32,44,33,25,44,11,14,37,6,45,16,10,26,18,17,45,17,6,26,28,22,42,14,40,43
14,39,37,15,18,18,30,28,14,34,48,33,15,39,37,21,28,8,16,36,48,17,24,45,49,25,29,28,50,44,41,36,25,31,18,37,30,31,19,28,27,29,29,48,43,10,29,49,28,20,38,35,28,33,19,12,9,34,21,45,20,48,14,7,34,31,27,48,11,19,15,47,46,36,27,29,28,45,37,45,17,6,37,15,7,10,12,15,18,16,32,12,23,18,24,42,23,33,22,48,25,36,26,39,37,12,46,9,11,11,30,38,28,15,17,9,6,49,16,16,48,48,32,9,48,6,21,6,28,43,50,31,25,43,32,15,28,5,16,39,15,43,13,32,47,45,30,14,18,23,40,27,41,28,36,10,44,29,34,13,17,46,45,34,28,36,9,38,27,29,48,5,41,20,17,47,42,25,21,16,49,43,13,44,13,29,40,35,17,13,29,11,33,35,39,46,50,5,49,10
32,13,6,42,37,31,31,35,38,45,30,14,13,50,48,36,29,32,47,26,38,22,10,38,38,41,25,7,35,12,27,14,36,41,40,24,39,37,43,16,20,26,42,24,27,33,28,31,16,38,19,44,22,38,44,36,47,43,28,13,10,47,24,30,7,10,33,11,20,35,24,39,22,42,25,16,32,49,38,24,39,24,25,17,37,31,43,34,7,29,43,19,14,48,25,32,36,11,33,8,39,25,37,23,26,31,27,36,35,46,32,45,38,36,26,32,23,12,14,14,29,5,28,22,5,10,41,10,24,10,25,15,39,19,42,43,19,41,48,19,23,13,43,24,27,41,8,9,21,11,42,33,6,32,29,23,40,43,29,47,28,32,33,33,31,6,28,47,41,28,43,20,11,32,18,38,48,10,35,31,49,48,36,14,34,30,14,32,41,43,39,44,18,14,22,40,21,27,30,16
23,25,6,13,19,28,24,20,14,16,34,42,6,12,40,49,11,23,11,18,49,47,13,16,24,10,29,13,33,13,42,9,34,46,16,49,34,28,6,20,47,24,29,20,46,16,46,8,12,18,48,33,25,40,9,24,26,8,22,23,43,8,30,14,12,18,6,18,28,26,24,42,37,19,27,12,32,49,36,46,48,44,50,40,18,26,46,28,35,13,47,23,43,16,14,21,19,31,30,23,41,42,50,7,16,22,10,21,43,17,49,36,33,26,43,49,7,41,10,24,30,16,35,36,40,41,40,19,44,18,9,18,9,31,11,13,46,16,21,41,47,21,38,14,9,39,27,8,34,23,13,48,49,30,21,20,45,36,41,34,15,20,15,35,46,9,27,8,33,19,18,41,22,12,43,25,15,15,33,43,19,36,32,31,44,44,27,27,26,13,13,12,46,35,25,32,27,35,34,47
9,22,34,37,35,44,13,31,42,26,36,27,41,43,37,33,26,18,5,37,17,5,19,37,37,19,9,14,30,34,18,31,32,25,13,7,28,7,6,30,42,22,43,45,8,28,36,39,13,38,22,10,17,45,15,38,7,35,11,19,34,39,15,25,18,31,13,25,28,16,21,28,36,9,27,29,25,19,9,21,10,28,10,41,22,37,14,14,17,41,12,42,13,11,38,11,39,24,42,15,32,11,38,31,40,22,11,21,6,42,35,43,35,6,14,49,50,13,9,20,40,29,6,46,44,22,34,13,39,26,45,45,46,33,28,15,22,48,30,39,40,42,40,16,18,14,25,48,47,9,33,23,26,34,15,13,35,24,15,44,44,50,27,33,41,20,43,22,15,22,28,23,33,46,25,16,6,12,29,15,43,7,42,16,27,46,41,45,6,40,22,13,7,27,21,41,41,17,29,18
9,36,15,11,42,15,14,16,29,8,39,13,11,27,6,6,46,29,46,22,31,44,38,23,27,37,43,40,20,48,41,12,10,17,9,33,8,9,14,46,44,9,45,28,31,41,42,19,12,10,14,14,13,45,16,27,28,10,8,45,26,35,14,27,19,21,18,34,33,31,20,10,8,9,30,13,21,11,32,48,41,37,45,39,14,19,34,39,17,41,36,41,12,10,46,46,6,41,31,25,39,23,47,18,9,31,16,7,25,39,15,10,9,48,13,5,45,15,47,23,47,6,39,14,20,24,37,30,35,23,20,36,7,33,24,28,7,34,35,12,10,41,24,38,49,49,26,30,5,46,18,22,16,25,22,18,21,42,18,44,44,25,45,49,49,28,11,14,41,10,43,16,27,32,32,26,18,36,33,49,15,9,8,10,43,5,9,7,7,15,15,18,28,40,44,31,9,13,47,27
21,35,39,33,38,16,24,32,30,21,36,29,18,16,18,25,29,40,36,48,41,5,48,10,38,44,49,14,41,25,36,7,48,24,43,10,9,43,46,25,13,38,40,46,40,8,12,34,32,41,14,5,23,32,47,37,21,5,17,32,48,47,24,7,14,49,43,48,39,46,37,43,32,39,31,11,31,8,23,16,13,33,11,35,25,21,33,9,43,50,26,20,43,41,16,18,18,7,18,36,10,36,7,22,37,49,36,46,42,22,26,20,48,32,24,15,30,30,26,42,42,41,28,40,27,20,22,22,19,14,36,17,33,34,11,44,9,21,45,33,29,32,40,25,8,30,41,29,49,32,9,7,25,29,37,40,25,35,15,14,6,30,21,29,43,50,38,44,29,17,49,32,44,7,8,33,14,39,31,29,37,24,16,35,48,29,11,44,33,31,36,28,18,33,45,48,27,16,35,37
6,18,37,13,9,40,42,26,47,32,20,9,47,31,9,37,10,32,28,41,7,32,20,33,8,39,23,17,29,48,48,8,14,49,14,7,25,25,27,12,21,9,40,43,23,13,13,29,16,7,32,19,11,19,30,21,19,18,40,19,18,43,21,49,17,14,30,17,23,11,16,14,23,30,46,10,28,44,39,49,15,12,11,22,31,40,22,45,43,33,20,50,22,18,8,50,43,46,13,11,49,20,29,40,18,26,46,34,49,35,27,30,43,38,27,42,38,34,18,25,6,21,23,35,27,10,33,42,9,31,39,42,36,24,13,22,10,11,14,14,22,40,50,33,30,7,22,33,32,47,26,39,23,45,11,46,32,47,13,41,8,41,33,20,10,11,26,26,24,6,13,13,45,5,37,31,33,35,45,27,22,40,33,40,34,41,41,18,38,25,32,34,31,6,10,41,25,14,30,36
5,50,31,27,46,26,32,35,21,31,23,46,47,48,32,29,21,10,35,28,28,47,13,15,35,23,16,34,50,39,13,46,31,16,49,48,14,38,50,31,45,17,47,8,34,31,37,46,32,15,40,45,18,6,18,20,6,18,34,35,13,16,33,49,41,20,25,32,40,38,13,17,7,14,48,40,18,46,48,41,35,19,32,16,28,49,25,33,11,15,23,32,48,50,9,27,29,27,19,28,18,9,28,48,17,49,39,41,28,37,19,17,15,9,11,14,37,22,42,45,12,22,23,35,23,33,18,25,28,48,21,20,21,39,9,23,23,6,22,39,15,28,34,16,49,27,14,18,50,31,22,7,30,26,18,21,17,39,22,10,12,24,26,27,15,6,11,42,41,9,22,24,16,36,15,36,22,48,48,18,49,38,40,46,26,22,20,45,28,7,17,31,38,7,42,40,14,32,20,32
21,10,43,32,13,35,29,8,48,32,30,30,36,49,50,16,14,29,38,7,45,36,9,31,28,19,6,18,39,34,44,40,28,46,29,11,21,42,41,41,10,45,37,21,16,29,28,12,16,22,8,46,8,23,8,25,11,21,48,9,39,32,42,12,15,15,11,22,22,13,44,16,46,11,23,45,24,18,16,38,26,48,41,30,29,21,44,23,21,8,11,18,5,11,25,43,7,13,50,11,48,45,27,7,14,12,42,15,24,11,27,50,35,41,33,43,20,20,37,39,13,16,49,6,14,45,20,17,34,39,17,20,7,20,50,14,32,16,49,14,38,47,44,8,9,37,34,26,16,47,38,17,46,20,13,29,18,26,25,25,22,30,48,25,25,20,36,15,38,34,10,43,40,34,7,48,31,28,47,17,26,13,32,43,31,16,41,16,13,44,6,8,22,22,29,27,14,49,10,36
40,28,6,50,42,45,21,35,12,49,16,11,39,28,39,14,21,30,32,29,44,46,40,16,27,34,13,39,13,43,40,11,7,47,7,24,41,26,34,23,15,29,5,6,42,25,18,45,26,44,14,6,37,5,7,22,45,43,24,6,7,39,20,10,27,33,9,47,45,44,16,42,28,33,11,12,17,22,39,46,18,7,24,44,36,26,45,31,16,24,21,34,6,32,45,41,37,45,18,15,40,13,34,48,24,12,25,12,49,7,28,6,35,18,33,40,36,17,23,48,41,7,41,29,20,18,45,9,46,27,40,43,21,32,14,21,23,15,13,19,28,11,22,44,21,18,15,9,49,25,37,6,20,14,19,36,41,36,26,20,31,46,22,38,48,6,38,7,20,11,22,18,25,35,17,10,49,28,5,28,29,25,25,49,7,15,19,49,13,43,14,25,5,30,27,20,24,27,27,28
27,43,41,30,10,39,21,16,6,44,23,7,28,15,7,30,33,32,23,32,12,27,7,32,10,18,19,36,18,16,9,42,17,16,17,6,7,37,33,9,17,15,23,11,39,23,30,32,15,11,17,25,50,25,47,35,21,49,32,6,49,22,46,13,36,39,8,29,16,33,47,48,18,10,20,35,23,19,7,14,36,6,11,19,10,50,8,48,36,11,48,20,47,16,11,6,21,25,31,14,35,25,12,42,32,46,44,23,33,23,7,38,45,32,17,50,48,7,21,46,48,48,35,26,26,47,20,42,38,33,5,5,37,30,14,39,27,25,9,11,27,21,18,37,42,9,14,33,44,37,26,22,10,43,6,7,32,32,10,49,18,35,38,44,44,29,48,31,43,43,13,33,30,32,36,49,27,48,33,22,12,50,15,33,20,48,31,12,21,26,36,31,24,11,33,39,15,38,15,48
27,9,7,34,47,43,26,42,32,27,36,16,32,43,25,44,9,32,39,9,9,33,6,49,26,6,25,26,50,31,25,16,41,14,24,32,48,39,21,41,46,19,7,49,45,37,50,22,32,22,21,19,32,29,25,14,48,7,43,42,8,36,32,40,46,13,23,41,11,38,38,6,15,7,50,38,27,41,12,23,32,32,7,34,8,31,35,32,40,40,49,14,16,12,43,25,45,6,27,28,6,14,6,24,45,34,25,8,25,26,22,22,37,45,23,26,7,43,42,29,48,7,25,15,14,37,28,18,19,29,11,29,34,41,39,9,35,41,20,10,27,17,49,16,38,37,26,24,23,23,47,42,42,18,11,20,14,29,29,31,28,8,40,24,14,33,41,12,27,31,43,13,28,22,36,20,15,44,40,47,16,13,39,33,49,9,36,20,7,26,42,43,36,13,34,15,13,35,11,29
33,28,9,13,42,37,42,18,27,30,16,10,37,46,21,35,17,10,33,47,12,40,9,31,17,48,39,22,6,14,29,37,43,12,36,30,12,34,21,9,44,17,43,34,10,42,24,39,42,24,6,25,24,24,21,29,45,23,17,45,20,45,22,23,30,27,43,36,6,35,34,33,17,9,27,17,14,49,17,33,30,24,12,23,6,9,15,27,21,27,22,45,14,23,24,25,35,25,11,20,32,46,27,26,35,23,26,49,17,24,35,30,10,21,39,28,30,50,21,10,5,5,22,22,23,16,33,27,30,25,26,12,47,28,26,28,32,15,33,20,14,38,28,34,35,5,30,36,41,9,25,10,37,39,39,23,6,47,12,18,26,43,41,15,33,9,9,29,31,47,28,19,35,19,44,28,50,46,8,38,13,39,39,30,41,49,45,44,33,7,27,29,35,20,18,43,10,38,21,43
39,7,22,28,50,15,12,16,22,18,29,23,31,19,28,41,34,50,19,28,29,44,21,25,24,27,33,16,44,33,17,40,23,7,11,34,49,32,21,33,34,18,50,15,39,17,30,27,42,30,31,39,7,48,22,50,20,19,20,28,45,18,9,36,46,9,27,32,14,48,40,46,25,46,10,36,43,22,50,9,9,47,17,21,15,13,44,33,16,7,35,22,8,49,15,43,21,33,37,10,23,42,17,41,40,45,27,34,19,34,34,37,39,18,35,26,48,9,34,15,45,17,14,28,33,29,48,40,29,6,36,15,26,11,16,24,40,14,23,13,29,23,10,19,27,41,9,33,49,7,19,31,47,46,46,21,43,21,14,19,37,26,42,47,31,23,21,48,26,27,41,47,42,9,33,13,48,14,33,47,18,18,11,7,25,31,6,29,17,45,14,25,46,44,8,23,19,24,41,45
49,25,36,34,33,16,39,33,22,24,19,32,18,18,19,6,48,31,14,35,32,13,36,22,15,10,29,44,24,48,35,36,31,8,45,20,28,48,33,31,17,20,41,6,35,37,37,37,16,35,44,12,49,21,28,45,36,33,42,44,9,39,22,13,18,21,16,35,30,50,7,23,26,23,17,13,16,46,9,36,48,21,37,33,26,23,40,37,33,29,25,31,22,11,47,30,9,26,8,36,9,26,16,45,16,17,31,15,6,26,25,12,39,45,12,31,16,45,21,20,22,29,27,33,37,33,24,49,39,38,24,23,50,13,36,41,32,42,13,50,18,47,24,10,23,25,24,21,38,32,31,19,17,45,21,17,9,43,36,6,26,6,27,21,30,25,33,34,6,50,36,26,6,33,17,48,9,44,36,47,13,42,40,10,32,7,10,49,7,41,8,8,13,18,7,36,37,9,24,7
6,22,14,23,46,20,24,39,34,50,27,6,33,49,14,23,46,21,13,25,6,48,46,9,8,34,46,7,48,22,18,34,17,33,25,24,12,42,26,30,9,46,20,5,13,23,50,19,30,49,6,20,49,43,33,33,19,30,24,49,24,42,46,47,20,45,25,49,20,29,39,39,36,11,45,35,14,32,50,36,35,11,6,35,15,42,46,48,22,40,22,15,14,14,40,40,9,31,27,34,34,7,23,44,12,7,44,23,18,11,34,5,40,35,47,50,15,28,29,33,31,10,19,35,49,19,36,34,36,8,36,33,11,19,40,38,32,39,33,7,8,35,42,30,12,30,32,42,24,25,38,35,34,38,19,48,8,49,29,40,36,34,21,28,30,23,35,39,25,22,39,31,20,15,42,35,29,39,23,32,24,8,36,16,18,47,25,45,19,38,29,47,7,22,43,43,44,11,8,33
46,26,46,25,28,36,23,36,10,16,12,41,20,25,23,13,30,25,9,39,10,40,48,31,25,48,19,31,9,43,19,36,32,47,30,37,29,24,43,41,40,7,21,34,17,34,45,19,31,40,46,19,14,18,8,19,36,37,5,39,21,34,31,22,30,49,6,40,36,45,9,41,30,27,34,7,35,43,49,14,44,47,32,23,48,36,20,34,8,27,14,43,18,10,38,15,10,41,44,29,32,38,16,29,16,38,48,30,6,46,29,9,16,18,41,14,30,17,17,33,40,44,24,18,27,26,33,33,41,8,47,23,42,15,46,14,11,26,46,11,48,42,33,41,12,28,27,16,45,36,18,40,22,25,43,25,17,33,35,6,7,47,43,22,9,21,13,41,36,9,45,15,38,14,33,26,31,40,49,34,18,8,28,24,25,31,20,37,38,7,17,13,33,45,10,35,43,14,18,21
19,40,37,20,10,43,41,47,23,16,6,17,24,48,34,40,27,26,38,24,39,45,46,45,12,48,28,20,46,26,15,7,41,27,44,14,47,10,21,43,50,49,6,31,7,24,24,48,15,50,8,49,37,39,50,22,44,19,38,40,29,40,7,49,40,27,6,29,29,33,14,45,48,43,27,36,46,22,14,34,38,41,43,47,12,19,9,8,48,21,47,43,14,39,43,42,14,39,31,26,50,45,46,49,14,17,30,27,21,25,6,36,43,32,38,19,21,28,16,48,42,36,29,11,11,45,46,6,41,47,21,40,19,32,17,8,12,49,35,5,31,23,45,9,14,24,34,8,17,20,14,34,8,32,49,38,13,9,35,48,21,28,14,22,20,16,45,28,47,21,26,20,17,7,46,13,41,30,10,40,36,30,46,5,18,29,13,6,45,6,19,12,7,43,32,42,45,46,41,6
28,18,48,43,7,18,18,22,48,34,10,5,21,19,19,5,15,19,25,16,30,29,22,11,8,30,24,15,49,10,12,42,13,38,38,20,35,48,33,34,9,37,7,46,21,5,10,17,35,6,23,43,11,34,24,25,14,22,46,34,21,13,50,21,8,14,37,34,8,21,33,12,33,16,39,11,45,41,31,45,25,12,14,9,9,42,30,22,48,30,22,12,36,31,19,9,35,38,17,30,20,43,32,28,44,24,24,25,47,17,39,21,34,23,29,32,33,26,18,45,23,49,10,21,38,49,22,15,49,10,8,23,49,44,43,23,14,16,20,8,13,37,13,9,7,22,17,48,48,40,17,44,23,44,6,40,19,34,18,45,34,32,25,5,23,25,38,37,7,47,42,38,34,7,13,39,14,43,26,33,30,28,16,16,29,22,37,29,34,27,14,32,11,44,44,48,28,32,32,21
25,25,49,9,46,21,17,10,15,30,43,47,26,25,29,29,38,22,42,21,24,26,37,34,21,46,32,40,10,27,30,18,39,19,44,29,6,18,45,11,32,45,9,43,36,49,22,28,48,45,43,26,27,24,14,37,22,41,11,16,12,26,20,8,14,14,42,18,34,9,40,43,19,46,21,25,14,49,50,32,47,25,24,46,23,24,23,33,36,23,5,27,15,34,30,45,26,42,6,19,12,21,30,23,26,50,36,23,45,12,46,40,34,38,9,37,13,15,47,28,5,29,21,48,23,26,29,9,48,12,47,46,32,34,32,36,22,34,50,34,22,41,47,32,13,19,26,24,45,16,18,8,17,41,11,7,12,7,36,27,29,22,28,41,41,27,38,23,27,16,44,41,34,6,15,37,20,50,15,6,11,17,30,6,21,25,12,11,22,30,39,9,10,37,31,41,47,12,34,23
23,16,33,35,41,13,31,12,15,40,44,24,45,38,34,19,44,10,27,33,43,39,9,7,38,38,16,44,46,13,25,43,33,38,31,28,25,29,9,15,25,7,38,13,22,47,40,13,17,37,19,14,45,13,21,43,21,39,25,37,12,8,33,17,9,38,18,21,17,21,40,39,12,6,46,40,41,31,32,13,38,32,18,42,20,33,22,14,25,37,13,17,11,44,18,42,21,9,19,44,21,23,18,26,31,48,23,27,46,43,45,21,26,24,37,9,41,32,14,23,36,23,41,34,28,28,43,38,15,39,43,35,35,21,9,17,23,21,25,15,26,21,34,43,22,19,35,20,10,33,12,37,22,41,46,49,22,26,29,47,7,9,25,13,12,20,49,35,15,9,10,11,19,28,44,31,36,49,24,6,30,20,26,44,44,29,27,37,6,9,6,34,42,15,50,19,12,15,47,14
15,23,33,26,23,19,36,22,42,27,34,38,8,8,9,19,40,17,25,9,41,23,30,27,22,46,32,32,18,38,6,49,13,13,41,18,22,44,5,38,47,27,12,15,21,30,25,24,35,26,14,17,14,31,48,9,36,20,27,14,9,10,46,15,45,17,34,16,21,20,49,7,40,30,44,30,36,28,8,17,39,17,6,31,37,25,6,16,18,47,16,17,49,32,29,24,41,33,36,37,8,33,37,34,18,28,31,21,10,24,8,17,39,27,27,33,19,26,35,9,45,34,25,44,33,19,38,22,19,21,46,42,21,29,14,17,29,19,48,12,7,16,11,50,5,17,36,18,49,45,7,13,40,24,8,18,33,31,39,37,46,48,47,10,40,12,35,19,40,10,15,29,40,38,7,44,43,6,17,31,37,37,45,26,21,48,9,28,6,26,28,44,7,11,40,5,18,42,19,20
13,30,27,36,23,21,12,23,40,43,29,40,32,19,39,42,14,27,49,30,41,32,20,47,47,31,13,42,47,29,22,17,29,22,11,49,21,35,39,40,32,34,23,27,37,14,10,28,21,26,10,26,42,17,14,29,29,43,11,42,15,45,29,9,17,23,35,41,31,34,18,13,45,46,45,11,22,44,28,27,30,45,17,26,19,6,31,39,24,33,6,48,23,12,15,39,37,48,36,23,49,6,25,29,36,16,14,26,8,40,9,47,36,40,50,36,15,15,14,5,49,5,35,20,14,20,27,27,31,12,7,47,25,24,44,25,8,9,35,11,20,38,7,28,24,34,36,21,42,14,33,22,42,12,48,39,49,15,39,9,46,8,12,48,37,16,34,10,7,48,11,45,15,11,25,39,26,30,45,33,6,28,6,19,45,40,12,47,40,42,18,46,48,47,30,42,38,16,31,17
12,40,48,44,37,27,21,22,30,30,14,38,5,21,26,41,43,34,49,50,44,20,15,8,16,26,34,20,7,45,30,18,31,27,45,34,6,18,6,44,12,15,49,36,21,34,30,22,40,24,17,32,25,40,15,24,23,16,25,45,15,17,8,48,41,6,20,8,25,49,43,28,15,23,17,18,20,44,7,6,40,20,31,8,38,32,49,22,20,25,36,33,24,31,22,41,50,44,48,12,43,10,8,31,39,8,27,25,34,15,33,49,49,7,12,26,32,48,7,12,25,30,22,40,42,13,5,42,11,22,34,44,44,23,26,45,40,8,26,47,35,5,40,6,24,10,36,11,31,40,17,21,12,10,28,21,42,32,14,41,44,25,11,30,27,37,7,23,24,23,50,40,21,18,31,45,39,9,34,48,24,23,28,49,32,29,25,30,8,21,24,14,37,40,11,40,41,13,28,35
37,44,8,25,12,39,33,46,29,31,34,32,32,16,29,47,38,36,9,38,8,9,34,46,14,26,19,21,30,23,40,10,46,38,34,28,38,21,13,27,47,25,7,26,7,35,7,27,45,43,46,25,46,31,49,48,12,40,42,47,37,27,43,21,9,21,50,48,47,50,31,12,42,29,23,31,15,18,24,23,8,25,13,48,42,48,38,44,18,12,24,46,19,41,35,36,30,36,41,33,45,12,11,34,24,44,28,31,13,14,40,22,41,24,39,33,8,31,28,42,38,36,35,25,11,49,30,42,43,23,26,46,14,28,24,14,20,30,23,12,45,24,37,10,35,29,5,10,36,45,38,31,13,27,34,7,33,34,37,18,19,31,9,33,45,25,19,24,33,36,9,35,23,22,25,28,32,39,14,11,37,24,9,28,10,39,6,38,20,11,7,38,43,31,13,11,38,39,34,28
40,8,22,11,31,20,25,44,29,13,28,50,25,22,5,45,12,8,43,47,39,22,23,32,9,35,48,16,37,30,42,19,25,47,31,9,45,34,21,40,20,5,32,27,22,45,31,30,11,7,20,22,34,40,17,32,15,37,15,20,23,45,49,30,27,39,7,21,40,32,17,20,22,39,10,31,38,15,15,19,47,43,27,28,48,6,43,18,6,44,46,32,15,12,41,47,14,48,50,20,17,42,41,30,15,26,20,46,33,46,35,20,46,28,43,27,26,22,14,37,30,35,7,19,45,24,27,32,6,9,11,23,8,35,25,14,23,6,38,33,45,20,48,13,32,44,27,44,7,35,39,48,21,20,11,5,41,43,38,45,6,22,41,11,21,38,24,33,44,10,13,21,42,15,22,46,12,16,6,29,5,7,31,40,13,34,6,11,16,25,50,30,8,36,43,20,15,16,17,10
29,39,13,26,13,9,40,17,39,30,17,6,7,49,43,34,24,13,26,36,28,17,32,8,11,32,37,11,13,25,19,36,41,22,25,43,39,37,33,9,8,31,41,34,26,45,38,17,42,44,21,22,10,25,42,35,20,13,39,34,21,34,30,49,9,40,13,20,7,25,20,29,21,30,11,36,7,42,11,44,15,25,14,43,18,18,20,15,17,45,31,29,48,7,43,26,36,10,30,43,30,30,46,45,26,38,20,36,23,40,44,13,27,21,31,28,39,15,22,19,6,31,38,7,22,31,18,47,10,42,21,39,18,9,13,33,40,9,13,42,17,19,8,28,38,25,44,37,21,19,20,38,38,40,31,21,20,49,6,26,40,42,48,20,23,12,31,43,20,18,40,26,46,34,16,38,17,45,10,8,8,29,10,42,42,31,7,50,26,22,48,23,42,12,49,6,34,7,40,44
37,28,11,8,30,31,35,35,13,26,37,6,16,40,43,26,28,7,13,37,31,16,41,33,45,25,48,21,29,31,17,14,13,12,19,23,44,46,24,30,32,33,18,13,26,32,41,24,7,7,30,14,11,40,26,30,29,34,24,44,38,22,46,30,33,43,20,46,32,26,47,15,27,27,39,26,46,39,31,26,19,24,26,7,32,39,22,10,41,47,25,11,25,46,16,43,12,10,42,26,17,32,39,33,11,27,47,20,12,44,8,12,7,32,40,20,15,6,14,23,16,46,30,42,7,43,20,47,12,18,11,27,10,18,15,37,11,20,9,40,33,23,15,24,13,19,16,39,26,31,39,33,48,30,21,13,22,24,10,49,10,15,45,34,29,36,34,46,32,26,10,26,43,24,18,19,13,23,37,25,46,33,47,16,20,28,21,23,48,29,41,45,20,26,20,41,11,18,7,49
36,45,48,8,17,35,35,10,31,9,44,46,10,47,36,40,26,15,33,19,18,33,17,38,50,16,21,7,27,21,24,8,41,6,32,34,8,30,27,22,35,24,40,27,34,35,50,13,46,6,29,16,29,8,24,8,41,37,39,7,19,34,19,45,38,14,42,9,29,18,29,5,26,47,49,17,29,41,49,45,11,16,39,43,38,9,40,14,33,11,47,49,7,19,38,16,33,40,32,31,23,34,44,46,16,9,17,17,20,19,37,32,46,35,21,32,29,19,46,16,16,33,24,25,18,17,21,29,16,33,33,12,40,37,18,32,11,30,36,17,41,31,18,22,47,28,48,16,46,21,37,21,18,8,16,36,33,42,13,45,36,9,39,31,19,24,19,10,45,43,48,9,10,26,15,20,16,36,17,32,18,25,15,9,22,19,14,47,30,14,20,37,12,13,32,15,48,14,34,15
35,19,43,15,21,32,24,29,28,36,43,12,14,45,9,44,36,43,48,16,24,27,18,47,14,45,6,33,8,48,28,25,5,43,33,42,5,30,18,20,33,30,28,42,21,20,9,44,7,23,48,11,22,24,33,28,29,30,37,21,31,20,22,22,26,18,20,15,29,34,19,46,36,16,16,21,9,40,44,22,38,38,16,44,11,34,28,24,18,12,23,26,39,26,16,31,29,20,44,12,31,11,19,40,41,23,24,44,44,6,27,31,19,28,21,39,14,28,26,48,16,45,47,47,42,42,13,41,46,37,37,32,46,17,5,7,31,10,11,47,11,43,7,30,48,20,29,23,43,24,49,17,43,32,20,35,13,33,44,14,8,18,33,47,25,33,29,43,49,39,37,6,25,25,10,21,40,7,18,43,8,28,42,45,46,40,24,30,20,38,6,12,50,31,32,6,28,30,11,6
39,24,47,49,21,29,24,20,42,42,9,38,36,31,36,30,8,42,33,26,35,9,5,10,23,23,27,48,40,50,19,29,29,29,29,29,45,44,8,17,15,22,34,32,12,20,30,45,20,25,23,27,26,36,35,49,34,9,49,29,20,17,29,7,11,46,14,7,25,43,20,49,40,31,5,41,39,12,6,42,13,23,37,11,26,8,8,46,17,14,18,14,22,45,38,29,26,10,28,13,12,24,13,9,34,19,19,8,14,32,41,28,28,25,6,47,50,33,16,5,29,28,10,47,40,27,15,37,22,47,35,38,42,15,13,9,50,25,29,17,41,5,29,42,32,8,15,8,10,26,16,12,48,12,17,7,30,43,10,21,24,21,45,31,25,17,36,21,18,26,46,23,7,19,12,38,26,25,22,10,23,42,6,45,37,25,19,41,23,33,32,34,27,31,15,11,19,10,6,48
35,28,44,24,44,41,24,30,6,22,20,48,43,19,27,14,30,27,7,21,19,8,46,10,18,46,48,29,10,37,6,46,8,7,27,12,42,34,15,47,44,17,14,22,31,43,33,40,11,23,49,22,13,44,50,49,21,49,16,18,42,42,8,9,30,26,9,29,31,25,35,19,39,44,18,36,28,37,19,23,22,28,33,48,38,39,30,35,35,24,30,7,48,14,19,48,23,20,49,18,47,44,24,38,46,33,20,42,48,32,33,15,42,46,29,17,12,9,14,11,6,37,35,27,23,21,27,47,8,38,28,14,33,42,12,35,20,49,39,25,9,25,34,8,46,18,22,46,23,12,11,18,15,39,35,30,36,34,14,35,35,11,43,39,11,40,13,16,13,48,9,47,27,30,30,21,8,18,29,21,38,44,23,23,21,30,49,20,37,17,20,33,17,16,20,26,41,30,20,32
50,39,33,46,40,34,28,7,27,27,46,7,36,30,42,9,21,19,47,5,46,38,8,33,14,36,49,10,8,20,7,11,18,15,8,44,20,25,16,27,8,16,20,22,43,34,32,29,16,10,8,29,39,18,14,50,25,28,48,25,47,43,39,18,37,43,5,10,23,11,20,47,23,28,34,50,25,30,21,13,22,21,18,37,32,20,26,17,28,26,20,48,35,15,6,15,38,43,23,34,24,27,30,10,28,40,28,38,9,17,47,43,14,11,31,40,48,45,34,8,34,22,11,48,31,25,8,9,27,38,9,23,14,44,43,25,9,25,33,48,48,27,40,30,24,18,9,42,28,16,18,23,22,17,44,10,10,29,24,20,45,34,40,23,35,10,31,17,32,46,15,18,10,30,40,8,46,11,32,36,6,42,11,26,24,18,39,24,41,44,25,47,24,21,23,31,33,48,18,39
43,22,35,25,15,34,47,6,46,39,12,20,10,36,32,17,6,26,30,20,7,20,24,23,43,28,45,39,7,34,26,11,8,39,7,21,29,33,49,26,20,47,36,41,15,41,8,38,12,21,14,7,25,41,38,20,30,7,30,33,22,33,44,24,23,45,32,39,16,49,26,13,31,6,41,40,41,23,30,15,8,39,34,22,7,37,31,22,13,49,23,35,34,20,31,24,13,15,34,37,22,12,7,37,24,35,21,48,42,13,45,37,9,40,28,49,10,43,10,34,8,46,18,18,49,33,10,34,32,17,7,45,26,50,18,23,6,50,16,43,31,42,36,8,9,5,21,19,24,36,14,45,18,27,37,10,48,26,5,15,8,27,48,35,40,17,12,16,42,7,44,37,38,42,35,33,12,49,47,39,41,16,20,26,35,5,23,24,27,5,44,26,28,14,32,5,49,20,44,14
11,33,25,36,12,19,46,29,48,26,37,11,16,42,16,28,48,17,34,19,6,17,10,10,17,45,40,42,14,37,30,34,6,27,13,9,32,35,15,7,39,23,36,25,50,26,40,16,48,40,31,39,35,36,6,26,21,29,18,40,17,46,28,6,34,7,50,37,15,11,41,37,5,20,13,6,33,16,42,12,49,46,33,44,18,21,45,46,17,6,36,46,49,21,32,16,39,9,15,40,33,20,27,5,47,19,12,14,11,27,10,28,19,16,33,12,44,7,42,37,35,8,43,46,10,33,17,26,13,13,36,44,19,30,30,13,41,39,41,49,19,45,39,27,8,27,37,22,22,35,35,47,18,22,32,42,36,25,29,15,14,13,34,42,47,14,44,31,47,11,18,37,24,42,37,31,17,7,42,22,45,40,16,15,42,30,15,29,39,45,16,10,8,17,35,15,20,33,44,49
28,6,44,49,20,43,31,38,17,44,18,25,20,12,38,39,31,20,49,38,25,17,28,12,48,30,7,27,39,36,19,13,47,41,7,46,31,12,7,36,47,30,43,7,37,35,18,9,32,28,22,43,19,23,24,32,48,16,30,39,14,11,45,14,41,50,50,24,35,32,36,34,42,38,15,47,10,38,26,20,33,47,21,44,19,15,39,16,14,13,21,8,5,46,37,19,47,37,42,34,47,8,40,25,39,39,16,37,30,25,40,18,29,7,11,40,35,24,10,6,15,41,7,29,46,24,7,42,25,8,28,38,38,19,18,8,35,28,16,28,6,47,47,10,13,24,40,48,20,8,29,48,35,33,24,8,44,18,50,9,21,10,17,23,22,48,32,9,19,42,16,42,33,8,41,45,35,35,50,22,31,36,17,26,9,18,36,11,30,41,19,27,11,18,37,26,27,43,26,49
32,20,42,37,12,18,43,46,18,42,30,11,16,30,11,37,48,27,49,28,32,16,21,13,48,33,21,16,42,43,45,12,47,48,18,17,50,13,24,19,22,6,5,25,25,39,12,10,43,26,47,20,46,36,7,28,23,39,13,37,15,20,7,27,24,32,7,8,25,7,42,14,30,31,38,9,44,41,12,23,44,30,10,6,42,31,33,46,11,48,7,14,38,11,29,11,31,44,34,29,46,17,33,30,35,14,25,48,26,15,13,21,15,49,5,21,37,5,21,9,23,23,44,22,16,13,31,26,42,16,26,13,22,20,12,47,16,47,41,20,30,15,9,28,34,43,18,28,36,22,33,49,9,14,8,18,45,25,24,32,23,49,16,13,15,16,15,40,18,28,7,25,6,31,31,24,16,10,42,14,46,44,45,7,24,49,47,15,21,34,41,8,36,18,35,17,43,49,45,21
44,32,20,26,7,26,32,11,31,50,26,36,24,13,8,44,16,15,28,35,24,29,13,16,39,21,8,6,30,27,11,32,47,37,13,46,32,46,13,40,48,10,48,33,13,47,19,34,42,43,28,19,25,12,44,21,37,26,32,9,8,12,40,16,11,36,34,12,24,27,16,21,11,32,48,23,27,12,42,47,12,24,26,15,28,22,27,24,12,7,12,26,8,42,33,21,12,27,13,35,18,9,49,41,44,46,16,41,23,43,31,9,42,20,11,7,7,39,25,22,6,16,32,10,13,50,23,30,39,41,27,46,22,34,45,33,11,19,25,37,39,43,16,48,10,42,7,7,45,15,16,21,32,19,11,41,44,38,44,48,33,15,32,17,22,20,43,7,22,41,5,14,42,47,25,24,20,24,16,38,34,25,42,9,14,33,26,17,11,12,11,42,33,46,6,12,48,24,14,11
23,17,24,16,8,22,11,33,36,20,44,19,32,43,31,16,46,42,7,27,25,44,7,41,6,13,14,13,13,11,36,20,9,13,46,7,41,42,8,8,30,23,35,47,28,20,23,39,29,34,17,30,49,43,36,22,17,49,46,25,39,48,34,27,9,10,50,16,10,6,45,39,12,20,23,13,29,15,10,36,38,13,19,10,10,13,22,49,40,17,46,13,22,28,38,49,23,40,14,42,22,21,42,16,42,28,36,20,27,43,28,44,27,49,50,43,42,48,22,12,20,17,12,29,23,44,13,49,7,48,23,13,30,32,47,48,38,22,43,37,45,17,10,23,30,34,10,6,34,48,38,20,9,14,32,44,8,16,26,39,20,47,43,34,11,21,31,37,40,29,46,6,7,45,9,22,46,43,19,46,10,19,24,18,33,36,33,29,19,30,8,18,16,22,32,29,40,20,46,29
41,23,24,21,20,19,14,29,35,28,17,47,13,26,8,18,14,47,14,40,36,6,24,32,46,23,45,8,6,18,27,42,19,33,32,49,29,40,45,36,36,43,33,48,40,7,27,43,5,12,27,42,29,38,29,49,11,35,14,13,34,33,26,35,43,22,38,28,17,6,42,22,33,37,28,35,42,16,22,10,48,9,13,25,25,19,12,38,13,14,22,7,47,6,39,15,44,9,29,23,45,17,37,34,34,19,19,43,37,47,11,50,21,8,38,42,46,32,18,28,35,19,50,38,43,20,17,16,38,21,5,23,49,49,27,12,24,25,10,5,24,15,18,12,28,20,7,31,29,22,5,31,17,17,22,14,6,24,18,17,13,47,39,33,41,11,34,47,18,10,9,29,30,36,40,48,44,18,46,37,16,16,21,15,36,40,30,28,15,7,18,24,26,23,33,46,21,8,26,14
15,46,20,19,23,8,37,29,45,32,36,35,15,7,7,29,10,16,7,39,11,39,35,10,39,34,7,43,9,8,10,19,39,13,9,21,9,28,37,44,38,47,45,24,49,26,36,20,26,18,50,34,29,14,40,23,21,11,23,24,29,30,19,24,43,49,13,28,34,27,10,26,15,25,29,17,25,22,26,44,39,27,50,46,5,28,37,34,49,25,6,18,6,36,26,41,20,17,25,37,41,41,16,36,26,15,26,9,42,45,49,19,45,25,41,13,45,41,15,45,20,30,17,7,16,46,39,16,23,43,29,34,43,46,42,34,34,45,28,7,26,31,27,10,36,39,49,6,8,38,18,46,21,39,21,8,34,17,27,33,30,42,46,29,47,21,47,48,5,38,43,34,49,18,16,47,13,39,31,29,12,7,8,23,29,14,33,37,35,19,25,28,17,22,35,22,43,17,37,44
44,6,49,41,10,44,20,45,41,18,41,17,15,22,20,34,43,46,43,50,45,31,19,12,28,44,44,48,33,18,22,28,50,16,23,25,46,31,31,34,17,12,19,40,24,15,44,30,30,7,31,45,6,16,42,48,49,26,43,9,37,10,42,20,9,49,49,31,42,10,26,9,41,48,12,29,28,35,9,23,21,9,46,23,8,19,6,47,46,31,42,25,47,8,38,9,38,9,10,20,14,38,23,10,37,47,27,28,6,38,46,24,11,19,6,45,19,49,30,40,39,29,8,39,10,42,25,39,38,15,9,24,22,28,45,33,30,12,14,5,33,14,15,24,8,41,29,41,29,41,10,29,28,47,5,49,13,48,48,49,5,18,50,18,41,36,31,14,43,35,10,12,19,28,14,13,36,31,16,37,17,29,44,15,18,36,20,29,30,43,50,26,6,45,6,12,12,47,17,45
6,46,40,13,7,29,28,6,25,27,47,44,36,40,30,33,20,10,7,7,12,15,33,31,48,46,37,34,19,33,23,29,14,17,6,22,30,26,40,50,16,11,50,26,36,26,7,28,18,45,33,30,23,6,26,39,30,12,10,43,29,11,28,40,42,40,9,35,37,23,45,47,20,35,35,47,14,34,9,42,26,16,23,12,11,22,45,31,39,48,5,16,42,32,25,16,33,43,37,38,32,35,14,21,36,22,16,38,13,36,8,11,22,40,25,7,14,10,43,50,37,45,14,7,50,27,28,18,7,8,33,10,12,45,32,23,37,38,10,7,15,48,39,34,13,36,43,24,44,21,44,43,39,15,35,19,20,37,33,6,7,13,30,11,32,34,34,23,29,21,22,31,14,15,39,48,13,41,19,8,36,48,34,45,5,27,47,33,7,44,37,45,34,17,32,27,45,13,43,10
6,47,8,34,39,10,41,43,41,10,34,30,42,25,12,10,18,18,40,32,34,45,39,29,6,40,17,14,37,27,46,20,8,22,47,11,30,24,21,42,11,23,33,45,26,39,24,23,46,37,31,29,17,36,34,8,42,40,37,33,41,42,18,45,49,37,18,33,16,41,37,38,31,37,36,30,32,42,38,24,46,34,34,17,26,22,28,12,10,21,48,6,41,31,13,8,18,37,36,46,47,27,22,16,43,41,49,40,7,33,39,33,46,24,6,45,34,44,18,38,28,34,20,14,25,27,17,46,32,50,36,23,12,40,17,32,9,35,34,24,33,14,39,18,28,37,34,42,32,48,27,46,20,47,15,49,27,30,46,12,25,37,28,45,19,13,24,15,19,49,34,36,42,18,39,33,27,41,33,11,45,39,48,49,44,22,36,20,45,48,33,15,21,41,20,30,9,48,22,11
