40,31,25,49,35,17,28,49,11,38,43,39,36,23,16,25,33,44,36,24,29,37,12,45,20,44,47,45,37,24,32,42,32,29,24,23,34,42,45,43,21,20,49,16,42,39,47,29,37,43,24,34,38,44,40,16,21,41,32,34,13,21,35,49,43,33,22,33,13,15,20,13,17,14,40,37,47,19,13,42,27,41,40,30,16,46,40,20,15,19,37,37,25,37,32,47,32,13,22,23,23,43,49,25,29,16,49,36,20,45,25,39,19,10,46,46,20,29,12,44,20,40,48,29,27,46,32,13,44,16,22,34,39,40,47,49,23,28,46,33,25,34,42,30,13,17,33,15,37,35,48,32,31,28,39,16,29,36,25,12,46,41,36,48,48,10,32,23,26,22,15,39,33,23,49,11,28,30,11,37,18,11,12,29,36,35,28,39,37,36,21,50,16,47,32,35,17,17,34,44
40,11,46,38,44,14,24,25,16,13,23,30,11,40,45,25,13,38,44,36,45,44,46,30,31,30,18,32,31,40,20,34,33,23,36,47,17,50,13,40,20,37,40,46,26,38,47,47,36,34,42,46,25,27,13,27,24,16,13,27,27,33,36,21,37,14,49,15,39,22,28,39,39,44,18,34,21,22,30,21,43,13,38,49,17,32,46,14,40,12,45,41,11,34,19,10,37,14,45,11,39,30,38,26,25,18,26,39,37,49,23,13,31,22,30,49,40,47,19,38,40,34,11,23,49,47,45,24,24,20,14,37,19,36,21,15,14,32,22,35,14,49,13,44,25,45,30,23,36,27,15,32,44,50,23,11,35,38,31,28,35,28,41,44,25,26,34,23,14,10,28,21,17,32,33,14,19,38,36,36,32,18,36,16,30,47,39,12,16,33,47,22,43,14,25,47,44,27,32,14
43,24,36,17,13,13,45,24,50,45,50,28,13,26,29,41,11,38,38,41,41,35,28,42,43,27,28,31,47,31,22,24,35,25,47,18,49,40,39,15,38,43,25,14,26,50,28,24,47,12,47,38,47,32,42,38,10,21,35,25,22,35,33,13,12,49,43,49,38,26,38,43,25,28,49,16,29,45,44,43,22,26,42,18,25,33,46,13,47,43,13,11,30,22,25,18,30,37,32,27,16,17,15,14,18,21,10,12,20,12,44,18,49,38,43,20,24,35,34,18,42,14,34,40,19,46,46,46,28,28,18,18,16,20,18,18,37,13,42,13,34,47,50,32,18,40,33,23,13,24,31,42,15,47,10,11,40,30,42,50,31,39,26,29,36,15,32,34,41,13,18,44,11,34,19,39,27,29,25,11,47,39,18,14,24,45,33,19,39,26,11,30,13,11,45,11,24,34,23,31
29,43,19,32,39,35,48,30,36,13,42,12,21,20,31,11,26,29,23,19,16,29,38,47,21,37,25,28,20,25,14,30,41,31,21,43,19,37,15,13,33,49,11,43,15,38,25,46,15,41,14,38,11,47,21,21,38,49,15,33,19,36,21,37,42,39,19,29,32,46,25,37,34,50,14,27,46,49,17,33,44,34,26,22,50,32,39,31,36,14,10,17,36,21,30,33,19,49,49,17,40,31,29,33,42,44,10,11,32,13,43,11,31,21,43,46,44,41,18,15,43,45,15,11,39,25,15,20,27,16,42,16,18,38,19,20,46,42,27,31,19,34,14,22,31,49,25,18,48,13,48,44,24,41,44,43,49,11,48,32,47,26,31,44,24,34,24,45,32,48,15,28,28,20,42,13,21,21,28,42,14,45,18,46,31,42,30,20,31,22,25,40,46,44,49,14,50,33,17,25
31,49,14,27,10,14,29,13,26,21,22,16,22,11,15,11,28,44,46,30,29,48,39,38,45,13,21,24,27,48,33,12,34,15,31,47,11,38,35,28,42,24,40,41,42,16,46,17,22,30,44,16,31,50,41,18,36,34,32,10,46,39,49,10,41,47,33,18,14,25,27,17,31,16,13,20,25,33,35,38,39,49,44,26,34,41,11,23,47,26,24,49,25,38,20,24,14,37,13,22,22,22,22,32,36,19,22,42,48,40,15,29,30,14,41,20,15,31,45,28,47,16,23,38,43,11,33,37,39,24,47,37,23,13,42,15,39,40,21,48,31,34,20,11,39,50,44,22,22,28,40,16,29,27,39,35,31,31,33,46,23,47,14,12,22,18,17,45,13,30,33,48,15,38,25,34,27,37,28,22,11,33,19,27,44,10,50,49,46,11,12,43,13,19,26,39,33,26,36,39
41,24,40,25,19,27,43,22,41,18,40,28,18,41,20,33,26,13,32,44,11,25,12,27,31,43,31,34,14,36,12,37,49,19,19,38,15,23,16,18,42,40,26,27,14,45,11,35,13,36,44,44,21,40,34,28,29,11,16,32,24,32,43,41,12,24,44,49,49,17,42,15,11,15,14,44,13,47,18,47,39,13,17,48,25,23,33,47,39,21,18,42,35,18,15,20,40,37,24,41,23,15,18,38,22,32,48,11,19,34,23,36,20,31,29,19,14,25,21,17,32,29,40,35,12,14,32,35,29,37,30,46,33,45,40,32,25,18,15,36,15,35,46,24,46,40,12,25,14,33,28,24,41,14,44,19,16,34,13,17,40,26,49,36,43,41,47,37,25,20,33,28,15,12,13,32,26,24,13,28,29,17,45,21,20,18,34,26,40,20,30,24,28,41,50,35,49,39,31,31
25,36,18,40,17,38,12,28,46,35,20,13,31,35,35,21,28,13,35,20,17,48,44,40,23,47,14,28,13,32,44,13,31,44,24,18,44,27,31,42,23,29,41,33,48,37,18,42,49,16,18,50,15,50,33,41,38,24,42,46,48,44,41,43,36,22,18,39,29,19,41,25,43,32,49,12,22,17,13,23,21,46,18,42,24,43,17,36,42,46,41,49,13,39,40,11,48,29,49,43,41,44,22,22,30,36,28,23,34,18,14,48,20,38,37,42,35,41,42,25,35,30,48,22,21,12,13,40,46,17,46,41,46,44,27,13,49,24,20,28,43,36,42,39,24,12,31,47,21,10,44,30,24,18,17,21,22,42,13,19,16,20,24,35,23,24,27,38,39,19,22,41,49,31,41,27,43,46,23,17,35,49,45,41,11,22,27,48,38,42,39,25,26,19,27,28,50,27,45,48
32,21,14,29,38,25,23,37,14,36,37,49,46,11,42,12,26,32,15,37,26,40,18,26,49,16,42,41,25,29,22,12,23,47,36,27,49,26,34,40,37,40,18,37,18,10,43,47,24,26,25,26,10,29,20,50,31,47,50,36,39,29,49,22,45,13,45,32,34,15,21,34,46,43,28,43,30,12,25,41,32,17,38,13,21,16,27,13,12,21,25,39,14,14,30,30,18,39,42,27,34,29,22,45,20,30,25,45,23,44,25,38,25,47,20,20,23,32,40,27,34,17,22,13,48,20,15,15,33,32,31,22,20,39,25,20,44,13,23,40,42,33,22,27,42,28,43,16,45,33,17,37,29,27,21,41,19,24,34,22,35,41,11,11,27,14,25,37,18,44,46,14,36,11,21,49,17,42,46,24,23,41,19,49,47,21,18,27,35,36,28,24,19,46,16,47,44,32,42,41
43,38,45,31,18,27,30,20,24,50,36,45,11,16,33,25,13,33,39,47,34,27,47,28,41,21,11,40,14,31,47,42,45,46,37,28,19,15,30,33,39,35,11,48,43,21,19,36,13,16,42,48,35,32,46,27,12,32,15,48,36,15,26,45,42,17,12,12,19,33,19,47,41,11,27,36,43,41,30,12,15,17,31,22,37,24,13,41,24,31,27,47,35,19,20,39,28,10,45,33,34,10,25,13,23,11,27,47,39,37,31,32,41,18,24,14,11,20,20,50,27,21,20,50,45,15,46,31,17,13,16,42,10,22,46,12,36,12,17,14,43,45,28,19,47,47,28,22,34,20,47,15,14,31,16,28,46,17,31,16,10,36,17,43,28,35,29,47,24,35,21,19,43,28,19,26,25,39,29,40,34,20,35,45,33,11,36,17,12,43,42,26,12,46,23,40,32,18,35,44
20,39,26,29,35,30,38,38,29,10,13,29,23,49,21,39,11,35,48,43,30,31,30,29,34,26,40,38,21,19,15,27,35,40,35,41,32,23,35,46,38,44,18,48,11,33,25,41,47,40,30,43,29,16,38,40,25,34,35,42,15,25,13,33,12,42,47,47,45,27,50,12,24,36,47,50,21,14,41,19,23,14,47,46,11,16,29,27,22,46,36,37,38,20,28,25,11,32,22,12,14,40,47,13,21,31,49,31,18,37,48,29,29,23,45,29,23,31,32,38,18,17,44,21,35,29,12,16,25,26,39,42,20,41,12,45,47,45,10,32,30,20,12,33,38,36,33,15,48,21,38,21,43,35,39,27,19,17,45,25,44,24,44,20,21,38,43,50,46,48,34,11,30,41,28,41,30,39,15,12,10,20,14,45,40,13,21,23,23,17,15,26,23,17,15,47,37,45,43,14
30,15,25,48,43,28,49,48,39,36,47,32,21,12,22,34,20,16,46,37,32,33,34,37,20,11,40,24,29,38,16,30,49,48,16,16,34,42,21,13,33,48,18,15,27,10,14,19,19,23,30,24,38,38,36,48,12,38,36,46,18,31,16,48,11,23,31,23,33,22,36,13,43,43,26,31,33,40,39,44,36,46,15,50,36,31,33,39,47,40,16,38,15,21,50,21,22,28,11,38,18,32,47,19,14,48,46,47,40,45,31,16,23,43,41,40,13,30,37,22,38,11,38,11,22,27,16,41,44,28,27,40,22,42,34,24,41,42,12,30,41,41,41,15,16,42,28,11,39,31,40,13,36,20,47,14,40,40,39,39,24,18,36,46,26,40,48,24,18,24,21,43,29,28,14,45,47,20,31,32,10,48,31,21,40,18,45,22,13,36,41,37,21,26,40,20,48,37,18,27
40,11,27,23,30,24,16,34,15,23,23,28,31,33,17,18,34,24,16,28,42,34,37,39,46,23,16,39,14,17,20,32,46,40,35,18,16,40,36,38,47,19,48,15,16,46,45,48,26,24,16,20,20,29,17,33,28,32,48,19,29,25,42,25,40,33,11,25,33,24,43,30,36,28,37,25,42,33,29,49,19,22,15,24,28,29,35,19,22,50,18,11,33,20,11,15,33,11,20,15,45,37,35,26,35,27,24,34,40,24,47,30,13,45,23,11,47,37,12,19,25,30,22,12,47,31,18,44,13,19,28,19,28,19,31,41,39,38,16,15,41,23,28,13,43,24,35,31,21,14,19,19,23,49,14,43,37,23,20,23,32,13,22,24,43,16,43,35,26,31,17,15,30,46,19,20,13,42,30,17,34,31,27,29,46,18,42,32,25,25,42,15,39,12,40,31,26,35,12,44
22,25,31,34,34,26,30,31,46,32,45,21,48,46,30,10,45,31,24,21,36,35,48,40,13,37,35,17,37,15,18,29,33,41,42,10,20,47,41,28,25,14,43,45,10,20,13,28,50,44,17,14,26,50,15,14,18,27,49,17,44,35,49,13,39,48,40,38,26,36,22,29,34,47,47,47,24,24,16,37,37,25,47,23,21,45,13,22,25,11,38,23,25,13,45,40,31,18,26,43,39,45,31,32,44,26,48,37,41,47,37,41,20,41,15,46,15,34,23,27,36,48,15,18,37,29,15,48,29,37,26,46,20,44,37,46,27,31,38,23,32,40,24,29,16,25,23,14,12,38,18,33,24,18,10,20,35,47,40,12,21,18,27,16,21,46,15,14,24,11,28,17,16,18,42,48,17,11,35,28,22,29,49,45,44,47,44,37,18,12,37,21,41,39,16,44,44,21,15,29
37,24,45,19,41,48,28,22,27,14,46,24,34,46,26,11,13,22,11,12,11,14,31,48,35,36,48,21,15,49,28,25,41,22,40,40,45,27,32,11,26,46,13,45,33,47,18,20,22,11,41,17,28,35,20,42,29,46,18,37,20,29,37,21,24,44,28,25,30,10,19,49,46,49,41,29,14,47,47,43,43,18,36,27,20,19,41,27,37,25,17,23,20,31,21,40,32,16,27,17,35,49,11,20,23,50,25,36,43,26,28,30,38,26,16,33,26,20,45,20,14,21,15,31,11,13,46,22,42,14,29,30,30,21,24,34,44,13,26,23,19,31,16,35,33,48,12,45,41,14,39,10,44,31,17,13,36,32,27,27,27,49,17,21,40,41,42,34,16,32,11,49,24,33,25,21,44,29,43,44,43,21,36,24,26,11,38,33,10,28,10,34,48,19,23,25,12,21,28,16
11,24,17,10,44,42,46,33,15,18,30,36,48,18,40,46,35,45,28,45,43,24,43,37,42,35,24,26,16,19,19,18,15,45,43,20,12,18,21,30,22,49,12,36,41,20,44,13,17,33,40,18,19,16,14,15,37,39,12,23,21,18,29,22,15,40,19,35,27,47,40,30,13,41,27,17,42,31,11,38,34,30,41,17,36,16,40,22,34,42,27,36,47,28,39,46,26,46,47,42,42,19,15,43,21,44,22,11,18,13,21,14,28,14,38,45,30,33,17,35,24,16,31,30,29,15,34,43,44,26,50,14,37,47,30,22,34,46,34,29,46,38,32,28,44,38,33,26,20,12,29,36,28,13,17,33,11,16,14,15,24,11,44,23,11,30,16,46,49,37,12,17,29,18,38,39,12,42,46,19,31,16,12,19,19,23,41,47,43,36,22,17,45,13,40,35,39,30,21,45
42,39,19,49,39,20,16,23,33,20,28,15,19,13,32,13,16,34,35,37,34,43,47,39,12,26,48,43,22,40,41,46,21,17,27,26,45,32,29,44,15,43,25,36,26,39,37,18,11,30,41,33,48,37,30,31,18,23,50,22,36,45,11,38,45,26,35,38,39,20,41,42,34,21,26,19,16,30,42,20,19,23,48,40,15,13,21,36,47,48,39,45,12,49,13,10,42,25,44,32,12,27,38,16,19,41,19,18,38,36,36,47,39,39,29,38,45,33,16,31,46,44,46,29,16,17,48,33,50,43,20,28,24,29,19,19,22,37,22,14,42,36,31,17,20,17,25,14,40,13,43,36,24,37,20,48,16,33,37,32,15,40,25,19,18,37,25,21,12,33,27,18,45,29,45,19,23,39,24,12,33,46,31,35,49,31,10,12,34,33,38,22,13,46,12,17,29,37,50,46
25,17,21,20,43,39,29,45,12,18,38,12,12,49,19,31,22,33,44,49,29,25,25,22,25,27,19,14,22,45,31,49,48,37,32,21,42,45,42,18,31,47,17,41,11,32,29,38,36,37,11,46,27,12,50,48,20,43,25,47,43,47,28,42,23,49,35,42,34,13,16,26,35,18,14,37,15,18,11,11,40,40,44,14,24,48,17,26,29,29,34,16,46,25,17,42,22,45,26,26,18,31,48,40,38,11,38,25,46,13,38,15,12,21,44,39,11,39,44,37,17,25,37,23,27,14,12,25,27,42,30,13,32,45,37,23,40,25,23,26,36,11,45,19,22,34,46,39,46,46,14,14,14,39,44,37,23,41,11,11,43,17,22,33,20,42,45,22,39,42,17,15,23,41,22,20,29,10,33,42,17,26,47,29,40,37,25,22,36,27,22,37,14,49,12,22,12,49,29,33
23,43,19,49,11,47,38,23,27,49,21,15,10,41,24,16,47,13,14,28,41,44,34,23,20,25,20,19,44,13,38,38,20,22,40,37,11,24,18,30,46,32,21,49,22,28,31,42,13,16,33,49,45,31,19,18,40,44,40,23,16,17,14,20,43,20,43,42,11,44,46,11,21,25,29,21,24,41,25,23,47,16,12,27,17,17,31,42,10,40,45,28,39,16,37,11,43,38,32,48,46,34,13,29,44,21,43,26,46,20,28,12,42,26,29,37,27,21,32,40,36,12,19,22,35,26,49,43,14,43,26,22,28,38,20,35,43,24,45,48,15,12,46,50,34,28,29,50,12,41,45,41,20,39,21,33,15,14,43,11,41,48,22,18,29,16,16,33,30,46,31,44,30,20,14,18,29,42,40,30,14,27,40,48,36,15,35,14,38,21,26,26,24,31,19,43,24,41,24,43
50,23,13,28,13,42,14,46,42,32,37,11,10,45,44,45,37,19,36,24,45,35,14,17,28,10,40,37,21,28,23,13,23,44,16,12,28,20,41,45,39,40,38,25,35,23,34,19,42,19,43,32,29,43,22,48,39,49,12,14,41,39,24,18,27,46,41,38,40,17,22,46,27,39,42,11,11,33,49,42,37,46,12,35,18,14,47,23,13,25,23,18,31,11,41,18,14,43,39,28,11,22,23,25,49,14,41,29,31,25,20,49,31,12,28,37,49,23,23,48,13,32,26,31,49,20,27,32,47,20,22,32,13,45,44,35,46,22,43,25,21,28,48,49,39,31,30,15,43,37,30,22,38,49,32,18,30,11,16,39,14,28,41,35,41,34,25,47,43,19,28,19,40,41,50,18,23,19,11,35,50,44,20,32,50,25,47,37,47,33,11,47,45,21,23,28,32,28,49,20
30,43,26,45,38,28,36,25,34,48,33,38,40,31,42,35,22,21,48,18,20,43,11,41,13,42,14,15,31,30,36,36,46,34,12,32,40,11,37,10,49,44,41,36,20,12,31,38,47,25,25,32,47,40,38,13,38,19,47,48,15,11,29,47,48,26,23,17,26,14,15,35,15,17,40,34,30,22,36,48,31,26,38,29,13,41,36,15,11,21,49,12,41,49,41,45,33,47,15,46,49,24,35,42,17,25,23,23,19,44,45,39,23,31,36,28,35,21,44,13,38,17,11,34,45,48,45,43,19,25,27,14,36,45,22,18,33,44,29,23,21,29,14,23,21,35,20,11,38,41,23,48,26,26,45,49,48,48,24,10,31,19,39,48,30,44,35,18,30,31,16,48,10,26,49,49,32,18,40,49,38,38,38,50,32,11,21,35,18,40,28,18,48,46,37,32,14,21,48,23
41,33,26,50,47,47,35,34,47,19,27,12,32,37,17,34,41,47,45,24,45,16,38,23,48,32,26,42,30,15,26,28,43,16,46,14,32,42,26,34,29,17,49,12,35,23,17,48,10,30,23,48,17,46,40,10,21,43,21,15,23,14,42,30,41,18,49,36,36,25,42,10,12,12,16,24,39,30,36,12,11,16,33,38,18,28,24,11,25,18,18,31,46,17,36,48,28,45,30,17,24,14,48,23,43,45,10,37,27,20,23,26,30,32,30,25,29,27,10,38,16,36,24,29,21,19,42,25,48,43,14,42,15,18,33,10,36,16,46,30,27,12,28,43,41,23,43,34,17,21,40,46,37,49,20,34,16,38,20,23,42,48,40,15,15,39,41,26,39,18,28,40,19,49,32,30,19,11,35,25,13,46,49,47,25,11,18,21,24,39,13,21,42,12,11,26,34,33,33,34
12,15,28,39,42,16,43,19,28,48,31,22,27,45,16,47,13,20,23,44,12,30,31,37,35,24,13,14,25,42,41,41,19,37,44,26,14,19,22,11,44,36,31,42,11,14,35,46,34,40,35,30,29,22,25,12,37,31,20,30,44,46,27,11,36,21,44,30,35,49,42,40,43,42,19,21,36,37,20,23,24,48,49,25,21,28,37,11,34,36,12,19,23,26,42,48,15,18,40,11,48,14,42,49,32,15,19,18,43,48,14,33,39,37,30,15,25,23,17,29,36,26,40,42,44,32,38,34,43,17,16,26,34,32,43,20,14,13,31,34,17,32,31,49,37,19,36,27,22,38,46,19,32,27,44,44,15,19,39,31,26,35,22,16,27,46,46,44,36,42,28,11,42,36,20,40,26,34,14,17,35,42,40,18,12,30,49,46,27,32,37,40,15,40,27,50,49,30,19,18
23,12,16,21,17,21,38,31,35,13,50,16,10,14,43,45,17,22,49,26,19,36,25,12,27,14,26,49,23,42,21,11,17,30,20,35,10,26,49,47,40,22,11,42,38,49,35,15,25,24,32,43,42,28,27,48,20,25,26,31,41,14,37,38,25,25,47,30,20,40,48,45,41,47,45,35,35,41,12,43,45,12,11,47,16,26,39,20,35,11,31,42,34,15,14,12,12,48,13,35,32,27,17,11,28,46,24,37,48,28,34,40,14,12,43,36,45,21,14,46,43,37,15,41,17,44,49,20,42,28,46,48,43,48,29,27,44,45,40,45,47,49,22,12,41,45,26,13,41,24,25,40,32,34,15,44,36,31,34,46,40,29,28,40,45,16,37,13,29,27,36,16,31,49,47,21,22,13,31,37,50,40,26,24,44,42,28,45,36,15,28,38,18,18,28,37,46,32,27,14
22,40,37,29,49,48,28,22,23,19,17,47,34,36,38,46,29,33,12,30,28,11,27,43,21,44,22,43,48,22,28,40,20,21,32,48,36,21,47,41,16,12,18,14,14,35,45,26,34,26,41,33,19,18,39,40,41,20,48,35,36,41,47,20,24,15,23,13,40,30,11,12,16,17,10,27,21,35,15,20,19,32,22,30,47,39,20,41,49,38,30,19,15,19,45,27,36,23,25,32,48,14,14,19,41,17,42,47,12,42,29,43,23,42,36,28,43,31,40,43,18,47,35,11,36,11,12,49,19,26,37,36,36,20,24,21,33,39,48,43,48,21,39,13,35,48,24,32,14,42,22,20,48,19,38,24,12,40,49,21,36,33,42,38,14,11,18,30,44,14,19,45,34,36,20,23,27,26,12,44,10,39,16,33,39,22,41,26,38,24,19,48,43,40,33,44,47,49,27,16
40,16,14,28,41,26,34,32,31,16,28,30,14,39,37,34,12,17,40,21,45,24,21,25,38,31,27,40,27,13,26,22,32,22,15,15,17,35,50,28,44,34,49,37,14,43,16,34,16,48,13,27,48,25,11,50,45,29,34,19,39,19,28,24,19,37,39,48,13,24,28,22,13,23,41,47,30,23,29,15,41,44,35,39,34,32,42,27,26,50,39,16,11,40,10,26,14,15,45,20,42,12,43,12,31,12,26,49,13,33,21,47,37,26,34,14,38,12,27,32,30,14,20,45,28,44,14,45,13,17,40,39,46,44,27,38,47,14,32,30,12,21,44,14,27,39,45,32,27,35,15,45,30,25,24,39,32,49,36,44,50,15,15,39,31,14,14,28,26,21,48,26,37,20,31,24,17,28,42,28,25,19,27,22,31,27,38,28,32,39,47,46,49,14,49,25,34,44,28,29
14,15,18,44,43,26,36,12,41,33,18,28,39,21,29,30,28,22,24,49,48,19,16,27,16,39,37,20,48,15,35,12,44,46,49,48,19,38,46,40,17,19,48,39,24,32,22,42,36,12,41,36,15,42,23,16,14,33,25,40,12,43,48,30,48,24,43,21,35,35,49,24,39,48,35,44,24,31,22,33,19,39,44,17,34,37,47,24,33,30,39,30,49,36,41,19,33,15,28,30,40,14,31,11,10,28,46,42,16,43,19,26,26,38,13,19,14,11,28,50,15,27,47,12,12,26,48,45,42,46,21,21,40,37,36,46,21,24,42,12,12,49,15,49,32,21,25,31,32,16,20,48,47,40,41,41,38,16,22,36,10,10,47,36,35,38,47,33,32,28,33,29,21,15,17,10,27,31,12,32,34,44,20,29,49,32,32,50,11,39,34,40,38,30,43,21,33,50,40,24
39,24,17,44,43,29,28,45,32,31,29,19,48,26,49,33,13,27,11,13,33,11,37,33,39,37,10,31,16,35,16,25,19,15,15,14,36,28,48,45,37,49,43,17,40,13,16,44,22,13,24,31,22,20,13,50,23,20,12,45,35,14,35,15,17,27,31,40,47,15,21,20,41,21,29,25,14,15,14,15,47,39,33,16,26,25,26,47,34,26,13,46,39,28,21,18,22,36,30,49,39,41,41,42,47,47,16,20,40,20,16,25,24,46,47,30,39,28,24,35,46,38,22,44,32,24,19,48,39,19,28,47,43,46,49,16,49,26,27,42,39,22,27,21,26,39,36,31,49,32,30,12,38,16,44,46,18,46,15,19,35,42,37,37,13,49,32,44,29,40,25,29,37,25,36,20,36,35,17,13,34,22,31,37,34,39,31,21,18,19,18,11,11,45,11,16,16,49,26,43
16,12,19,10,18,35,12,35,43,12,39,18,35,28,46,40,37,40,41,46,19,48,43,24,45,34,20,36,46,13,24,20,33,26,43,22,49,12,46,43,42,26,47,28,19,37,42,30,21,41,14,31,17,25,16,12,14,21,12,13,46,20,47,21,15,44,42,29,19,21,16,34,26,48,46,42,45,20,35,42,21,42,35,11,34,28,40,19,35,38,23,30,39,16,17,33,48,19,47,11,30,18,48,34,37,14,23,18,31,38,47,40,40,48,33,31,20,43,11,24,11,15,50,17,32,16,26,15,21,17,10,34,26,49,41,31,32,38,49,30,26,48,17,10,13,11,46,24,13,37,36,11,24,34,47,16,32,49,10,24,44,35,43,22,25,41,36,13,39,25,49,27,20,11,24,13,37,21,10,36,32,31,43,38,14,25,23,36,41,34,25,50,27,36,26,25,39,21,12,36
18,24,47,30,26,37,38,28,18,43,11,33,49,26,49,23,28,19,43,26,39,25,28,44,32,31,21,31,37,11,13,36,43,26,19,25,10,39,28,11,45,49,35,45,24,45,40,37,34,31,31,33,20,39,29,31,23,20,33,45,30,32,31,14,14,46,38,18,18,17,26,17,37,24,23,38,11,25,32,19,19,49,39,11,31,38,47,39,30,29,21,28,33,47,35,36,41,40,47,38,30,12,32,25,22,22,35,14,23,30,49,19,49,25,44,38,43,36,28,38,30,26,31,24,42,18,41,14,48,11,36,14,11,46,18,16,19,22,38,23,32,36,28,39,37,37,20,36,24,33,17,39,41,43,10,48,29,26,25,38,22,17,31,25,17,46,48,28,34,20,13,47,46,23,35,31,22,29,15,18,48,15,21,49,27,47,25,23,32,42,38,24,42,50,41,26,19,16,15,48
19,40,50,28,11,47,31,13,25,38,29,27,43,32,22,46,22,41,23,17,40,24,37,48,19,18,15,28,21,30,35,38,20,26,48,35,28,48,16,43,48,34,36,30,30,43,22,11,34,15,20,36,37,17,24,11,41,40,38,21,27,32,13,49,10,37,48,45,39,46,27,30,27,22,24,18,29,42,27,48,31,30,13,37,45,30,32,22,42,19,33,18,33,37,38,41,42,44,20,13,38,43,43,28,24,25,10,44,49,50,20,43,27,40,38,19,22,14,12,16,33,38,26,38,40,26,15,37,19,29,14,32,20,16,16,15,48,48,12,40,44,26,33,15,11,23,21,18,14,29,46,42,16,34,30,32,35,25,49,30,46,46,22,37,30,21,45,37,46,27,21,15,38,43,41,19,38,50,28,14,23,21,37,40,16,19,39,40,37,47,21,46,29,13,27,23,45,19,21,49
47,31,39,24,12,14,37,45,44,19,43,36,14,35,39,48,13,18,28,30,23,22,48,12,11,38,36,10,41,28,30,47,30,46,49,15,36,44,15,47,15,17,38,33,30,16,16,17,28,13,33,22,21,22,48,33,11,48,41,21,30,27,12,46,11,40,41,49,17,29,18,22,39,36,13,30,23,33,46,38,19,16,39,38,48,35,44,47,12,12,29,31,24,33,14,24,40,28,38,37,35,24,45,28,47,24,46,32,12,32,46,20,48,29,17,16,35,30,39,13,17,12,43,36,27,16,41,40,15,24,38,13,48,11,21,45,46,11,12,49,35,13,35,35,14,15,36,35,26,31,43,46,33,16,43,48,12,36,50,13,49,31,31,44,40,19,44,49,14,15,40,40,27,19,26,21,25,25,20,25,39,24,17,38,24,22,20,43,30,29,35,15,28,16,48,43,15,16,27,26
44,36,47,27,40,36,30,31,33,18,34,39,25,21,39,28,21,34,26,11,42,16,42,18,50,25,18,38,30,23,45,41,22,14,23,19,37,16,32,47,48,33,47,20,23,47,46,40,18,35,13,34,37,29,27,27,41,11,29,36,38,38,16,13,24,30,14,24,43,25,42,18,26,34,30,21,41,25,17,47,44,16,13,19,11,18,45,32,45,17,13,21,29,49,43,38,12,41,44,13,49,26,30,17,13,11,13,34,48,30,34,48,38,21,34,45,25,45,42,49,48,34,15,34,21,30,19,45,32,39,48,45,12,17,49,46,17,14,34,30,37,24,11,15,38,34,39,30,22,42,39,19,30,11,48,45,25,43,21,26,22,21,21,46,19,20,39,42,26,21,48,12,16,40,26,26,21,26,31,32,18,30,34,24,45,15,23,43,42,37,24,19,50,28,46,33,38,11,37,48
14,39,13,34,20,44,50,43,34,45,11,39,18,23,49,21,23,14,28,10,21,30,50,38,40,34,14,15,35,22,30,42,14,25,13,40,13,42,13,16,23,46,31,35,30,43,12,34,41,25,28,43,10,35,41,42,18,43,50,38,33,30,40,23,47,45,44,17,16,46,38,14,39,30,10,42,44,20,29,45,37,37,19,17,21,43,21,18,34,26,41,34,39,15,15,46,26,30,43,32,14,12,46,12,29,25,42,11,12,44,28,26,25,31,25,47,45,50,14,45,50,24,23,49,34,35,46,16,25,12,15,41,17,21,22,12,46,11,32,44,34,43,13,44,44,10,15,10,43,29,16,20,16,28,42,11,39,18,49,17,28,29,24,17,19,16,15,31,38,45,40,19,24,37,13,21,14,12,40,15,40,20,22,42,27,26,27,44,36,12,35,20,38,25,37,10,27,22,45,22
28,18,22,13,32,28,32,41,11,20,19,14,15,44,28,31,18,11,25,31,13,30,24,43,19,42,16,13,12,24,17,12,13,38,42,29,27,38,26,33,30,39,12,15,25,33,42,20,39,15,42,21,29,34,20,50,36,46,22,27,26,26,19,22,41,38,38,18,34,36,39,35,16,23,12,49,13,14,13,35,10,30,43,38,35,38,24,48,16,39,48,39,17,48,19,47,26,13,22,18,49,16,14,37,15,49,33,27,32,10,46,11,16,32,34,23,36,37,38,15,49,39,38,21,48,46,37,41,22,36,45,36,48,43,38,39,40,12,24,43,38,42,13,33,23,34,12,37,21,47,26,44,45,28,48,19,10,40,24,12,41,44,21,27,43,41,33,47,26,36,23,43,31,22,39,37,34,35,16,38,50,40,46,17,11,21,33,38,40,50,37,23,48,27,20,27,24,19,38,35
30,16,10,44,34,43,41,43,19,11,30,11,49,30,22,17,31,42,37,12,25,27,19,22,46,42,14,24,35,19,34,16,14,21,37,28,26,49,40,46,18,26,32,25,33,20,34,29,43,31,33,36,32,43,37,33,40,25,11,20,13,19,37,12,46,29,34,31,14,31,46,23,44,44,27,44,48,36,46,22,14,43,24,22,14,47,24,38,31,25,21,13,21,30,42,45,13,18,28,38,20,46,45,39,47,44,11,40,28,49,15,16,12,33,49,33,35,46,32,29,50,41,21,38,18,21,13,11,48,22,37,36,22,38,35,22,29,21,44,32,47,47,28,13,46,37,43,15,39,46,39,33,37,37,50,41,18,10,36,48,28,19,17,13,36,38,14,24,23,24,22,22,12,34,45,37,25,16,33,27,32,36,32,39,14,15,46,24,48,13,49,26,15,21,41,49,14,46,31,24
19,30,20,22,40,40,41,29,41,29,42,34,36,21,28,45,33,21,24,24,35,43,48,17,46,27,27,44,16,12,24,17,14,35,38,12,17,24,46,43,24,38,44,43,45,25,11,37,37,12,16,35,30,37,46,33,34,15,19,23,45,40,13,33,10,13,11,14,19,42,41,29,28,27,29,36,31,20,23,39,20,18,25,15,36,14,16,37,44,24,33,47,49,23,29,27,16,16,29,19,50,23,22,13,40,13,27,49,44,19,18,17,11,35,31,12,14,27,42,30,40,48,22,40,20,28,41,14,40,26,23,43,24,48,40,16,25,48,27,42,26,20,39,11,49,40,12,26,29,19,24,21,49,42,17,49,38,46,34,27,41,19,45,20,46,45,21,17,41,41,38,28,24,25,15,13,18,12,34,27,49,31,30,39,26,48,45,40,12,31,29,49,33,50,25,32,48,13,31,25
36,26,17,15,45,33,32,14,36,19,43,34,23,19,42,42,33,11,16,26,35,42,28,16,26,47,41,32,48,47,30,15,23,38,48,34,27,43,43,46,49,16,43,34,49,35,38,33,38,36,42,49,34,21,14,27,36,15,32,16,34,32,48,31,43,18,11,14,24,21,36,21,16,11,31,33,13,41,28,17,48,44,42,13,33,49,32,17,12,45,10,47,27,26,12,12,28,18,43,38,10,16,41,28,45,12,46,25,27,12,27,21,43,34,49,13,23,13,37,28,18,26,40,47,36,16,49,14,22,15,34,24,30,37,18,50,43,11,19,49,39,39,17,44,35,34,50,26,43,40,14,28,39,19,34,48,17,30,45,24,40,41,44,40,31,48,12,40,28,16,15,37,20,37,36,39,31,28,32,42,31,36,35,29,19,14,29,44,28,43,28,39,12,48,45,40,43,40,32,17
25,16,22,31,39,17,37,29,20,46,31,13,19,14,14,30,49,45,34,47,46,18,30,27,18,42,41,48,40,12,44,45,16,44,29,30,33,42,39,28,15,32,33,29,45,23,19,44,40,27,27,26,50,34,42,46,22,43,50,17,21,47,29,13,28,27,41,31,43,15,35,24,26,24,16,31,32,47,50,26,25,42,35,37,38,39,47,16,26,37,23,38,42,27,17,21,35,10,36,27,46,37,21,17,21,38,43,46,44,39,25,25,25,24,31,28,24,34,24,10,29,21,14,48,16,16,32,20,12,44,44,13,36,18,16,33,22,34,12,29,34,42,21,37,30,49,17,19,13,17,48,39,27,30,50,13,12,19,26,46,40,33,44,40,23,30,15,20,44,13,49,22,21,28,19,21,27,14,45,48,39,19,38,19,35,42,20,45,28,20,34,47,41,23,46,25,28,47,36,47
18,29,37,35,14,38,39,44,30,11,49,24,40,27,20,25,11,18,30,39,36,49,33,38,38,31,13,30,24,28,29,17,49,32,35,13,31,43,24,23,17,34,22,13,38,47,41,41,33,20,19,46,32,38,11,30,48,25,40,17,47,36,37,45,25,30,39,46,39,31,31,18,33,27,49,24,17,39,12,46,40,24,47,38,20,36,49,33,36,50,27,28,46,36,22,49,40,13,38,27,31,12,21,15,35,11,35,24,50,42,23,17,21,37,11,48,23,23,48,34,35,23,43,13,47,30,46,16,17,20,42,43,43,16,13,28,11,48,14,35,21,23,22,30,15,13,33,11,27,39,17,17,50,13,24,27,37,12,25,29,15,32,41,35,11,49,50,30,48,14,46,15,22,20,23,19,45,33,27,25,46,13,44,44,13,22,18,39,18,23,21,29,30,39,26,26,49,12,17,46
32,32,18,20,29,17,27,30,25,41,34,36,43,11,48,40,27,36,37,34,32,12,20,18,20,23,34,18,47,24,40,43,17,33,37,40,38,18,32,27,25,28,50,29,33,41,28,42,29,32,20,24,12,36,33,40,11,44,18,20,17,47,24,16,23,13,47,18,29,25,24,44,48,22,43,45,49,41,20,15,44,20,46,24,42,34,26,40,15,37,44,23,11,21,11,36,21,26,32,14,29,43,24,28,15,24,44,38,12,17,25,40,11,25,40,29,47,34,10,48,38,44,19,31,11,45,40,26,35,11,30,16,26,37,10,31,28,10,29,36,13,44,37,45,17,50,30,18,17,29,46,30,19,41,15,47,46,33,27,33,12,20,30,23,29,24,24,17,30,28,35,30,38,24,30,34,34,21,26,15,39,43,42,16,40,10,30,36,22,42,35,41,27,26,48,22,39,50,43,40
46,32,35,28,23,19,21,27,47,44,28,24,12,44,31,38,29,17,35,18,44,33,33,39,32,37,31,43,40,46,25,45,28,21,13,23,23,30,39,22,35,12,41,19,39,40,38,50,27,39,42,41,19,14,23,13,46,42,48,28,20,32,49,38,38,33,18,28,22,14,18,29,46,32,21,48,17,30,50,13,44,42,15,34,39,40,50,49,24,48,14,23,29,21,35,32,25,30,42,12,12,13,15,16,42,43,42,47,13,41,24,42,41,12,12,15,24,43,43,22,49,25,45,18,21,12,12,17,37,41,38,30,27,26,42,45,43,24,33,11,10,49,38,41,36,27,50,45,14,14,16,46,44,14,44,37,21,35,43,39,25,25,27,36,26,16,17,44,26,13,19,26,29,34,12,22,12,19,45,20,13,27,46,20,35,38,19,47,19,13,41,47,34,41,44,25,31,40,46,31
37,37,44,21,33,30,38,31,48,19,37,16,20,43,31,28,38,12,33,32,48,27,32,21,27,28,38,34,34,26,14,47,14,38,25,16,27,37,20,43,10,13,12,39,31,49,26,41,16,41,22,19,23,26,50,30,20,10,27,11,33,14,34,15,31,28,42,31,25,29,47,25,34,30,29,45,43,15,17,49,39,45,49,21,40,23,27,31,26,44,25,14,29,12,21,16,27,42,39,29,45,22,19,22,47,39,16,12,25,45,32,34,45,14,41,24,23,13,13,23,22,32,13,22,44,26,41,24,17,24,36,20,44,50,33,38,38,18,41,33,29,30,36,38,16,41,27,28,35,49,11,20,49,46,10,44,32,24,36,14,25,40,47,41,40,39,12,14,38,35,25,33,47,35,38,44,43,15,28,13,41,28,42,45,13,34,48,22,47,19,20,32,45,20,15,30,21,19,26,35
39,43,48,21,15,34,44,41,19,38,19,48,30,20,49,29,47,13,49,27,22,16,47,25,16,36,31,17,29,14,42,19,37,44,20,28,29,15,34,31,47,34,18,24,45,40,40,28,17,28,28,25,28,47,41,46,13,41,19,41,23,32,26,27,12,27,40,19,19,36,20,49,16,12,23,11,34,21,17,45,19,49,20,47,36,21,32,11,34,30,18,23,24,16,13,49,12,34,24,49,47,30,35,48,40,28,22,28,45,46,37,29,35,27,14,26,36,23,20,35,46,24,21,13,29,49,41,25,48,29,25,31,48,27,47,21,39,19,27,49,21,33,19,48,39,41,15,43,49,22,11,25,43,39,23,46,28,34,25,12,27,19,46,23,44,19,25,46,20,28,35,28,10,29,31,36,26,29,26,31,30,10,14,49,43,32,43,12,42,13,18,23,39,16,36,27,36,49,29,44
20,20,42,21,30,34,27,21,40,36,33,40,35,43,18,31,10,30,12,39,15,12,27,14,25,44,21,21,47,28,14,46,15,47,21,44,40,13,49,48,17,33,42,12,39,40,32,47,34,45,40,31,15,40,41,29,35,36,33,27,25,42,42,40,19,23,23,44,10,38,37,44,39,24,13,32,15,20,27,37,24,48,18,27,41,19,47,35,16,43,13,42,35,25,39,34,42,43,49,49,23,11,22,46,20,46,28,39,21,50,13,44,27,27,12,45,24,49,13,32,22,37,44,12,32,10,25,39,43,16,21,25,25,39,36,33,44,15,26,41,29,20,30,19,27,11,43,45,23,26,33,32,16,22,20,13,48,39,22,19,13,36,31,31,43,47,26,30,14,21,28,23,36,49,17,43,33,46,47,15,24,17,47,44,45,38,24,41,20,32,39,38,17,13,37,35,37,13,31,26
48,47,21,21,35,36,20,44,31,28,33,44,49,33,50,12,37,13,20,15,28,35,44,44,49,20,20,38,19,39,27,14,15,25,48,40,11,13,18,43,47,30,43,22,24,27,16,22,35,43,38,20,45,37,23,37,23,46,36,23,23,11,46,17,12,27,37,21,22,19,26,28,23,42,37,24,17,48,13,48,42,42,28,50,41,18,20,19,46,49,18,14,11,48,47,21,34,32,30,20,14,44,25,46,15,46,12,39,37,31,30,21,31,44,24,27,45,23,11,29,19,40,14,17,27,19,22,34,41,10,35,39,46,43,15,39,11,40,24,28,15,44,33,47,32,14,34,32,11,34,41,40,20,21,41,36,29,48,11,19,34,25,36,33,37,15,39,26,25,11,11,33,40,28,23,13,26,47,10,33,31,28,46,15,40,31,19,10,16,49,33,50,33,17,18,11,25,49,30,43
26,24,38,39,13,27,36,31,21,39,13,27,45,12,30,10,39,18,45,10,20,50,48,20,43,21,35,39,39,47,27,33,12,43,27,28,26,34,47,34,35,19,37,38,19,40,14,37,33,14,34,32,30,16,22,29,22,19,22,31,13,32,25,14,25,28,32,35,30,27,30,23,22,13,25,47,45,20,24,12,25,48,40,40,24,11,46,14,46,21,43,39,29,23,16,32,26,44,16,43,28,15,19,49,47,39,11,48,16,12,17,19,24,22,13,47,11,43,31,33,46,34,18,17,21,14,33,10,21,25,25,10,47,10,31,14,25,44,23,24,40,14,13,11,29,39,13,35,42,28,44,30,35,46,42,37,20,12,38,17,25,32,37,23,29,22,26,39,16,23,23,45,10,26,10,11,39,41,15,48,14,12,40,20,22,41,49,17,34,39,11,36,38,42,26,29,19,44,33,15
48,13,46,37,13,20,12,39,18,12,31,17,42,34,32,33,41,48,33,34,43,24,20,33,29,43,41,14,39,48,29,13,23,11,45,28,41,44,34,31,16,15,10,15,41,48,15,38,27,24,41,30,40,22,20,48,29,28,49,20,21,26,36,17,12,14,46,44,39,15,43,43,37,35,15,23,45,42,29,21,47,39,26,19,44,35,40,20,41,44,35,27,45,31,26,50,27,38,49,41,20,18,26,24,36,24,11,26,41,38,48,30,28,11,46,20,25,49,50,31,17,39,49,15,16,41,49,50,26,30,32,39,47,42,12,35,34,36,12,27,12,44,16,17,39,37,18,14,11,35,10,28,39,48,38,10,24,13,44,11,49,10,39,21,20,39,30,35,21,31,45,27,34,29,22,36,31,13,50,35,16,37,12,24,11,43,19,16,19,32,17,10,13,18,48,23,12,44,30,25
21,42,45,45,35,37,13,46,43,16,43,34,30,37,45,13,25,29,14,22,27,15,26,28,26,38,21,35,48,11,19,35,16,18,11,13,19,31,26,13,29,28,25,15,37,10,39,44,21,50,44,15,24,30,18,21,24,12,44,27,22,45,26,19,33,45,19,13,41,15,47,45,23,15,32,33,38,50,25,18,37,39,46,28,49,39,36,12,23,18,39,11,11,28,22,13,48,32,48,20,34,48,43,24,43,15,23,17,37,28,43,49,28,45,12,14,33,22,40,37,50,17,44,17,26,37,25,39,37,27,26,41,21,46,42,44,22,13,49,40,24,43,40,12,35,42,47,30,25,48,21,33,37,15,32,16,43,40,37,47,25,14,38,50,47,19,36,24,31,12,31,13,35,47,48,16,33,43,29,39,11,33,13,39,41,18,42,27,33,49,17,37,19,31,49,44,23,43,50,42
26,16,47,25,12,18,33,22,42,27,49,43,25,19,44,38,32,24,43,29,29,29,47,44,34,46,29,49,15,27,31,32,50,47,22,11,28,12,18,38,43,49,24,21,40,46,47,23,40,27,19,16,34,48,45,28,39,31,27,35,45,38,37,16,24,16,49,49,18,35,13,35,37,41,10,38,45,25,46,44,37,29,31,13,37,13,29,42,41,27,41,42,11,37,45,37,40,38,42,27,36,36,35,31,33,43,23,49,31,44,23,16,44,36,28,25,36,20,31,43,44,13,47,31,38,46,42,17,30,32,21,26,16,31,49,10,28,15,11,47,48,38,11,43,13,40,31,41,17,31,34,12,45,15,41,46,39,21,12,15,50,30,32,50,41,21,17,18,33,10,11,34,49,19,28,12,20,11,13,42,12,26,11,39,49,44,45,16,46,22,38,20,29,14,11,36,41,13,22,37
24,25,38,44,25,24,41,29,43,36,42,50,41,24,20,31,32,29,47,39,19,37,46,43,11,26,33,39,48,40,38,13,40,48,42,37,46,30,34,11,42,46,26,24,27,31,37,10,44,22,45,36,13,32,41,44,44,14,49,50,21,46,41,31,30,23,10,28,19,40,19,27,22,29,50,48,18,33,47,41,28,43,11,16,42,22,16,22,26,47,24,18,34,50,13,10,17,17,24,43,12,25,39,43,29,20,40,31,41,18,19,21,33,29,20,25,22,15,18,24,30,27,25,38,11,31,27,24,47,34,19,49,32,21,26,34,14,22,16,13,16,28,35,48,24,16,13,12,14,25,17,34,44,30,25,47,26,30,17,14,16,24,41,41,40,47,37,10,20,36,27,24,34,32,43,36,16,38,42,10,43,26,23,18,48,24,30,38,19,44,18,41,46,50,43,43,39,26,37,50
