35,50,27,6,44,24,21,7,40,40,25,14,13,37,47,31,13,6,45,18,16,42,23,27,21,48,37,35,31,44,7,6,36,6,26,31,8,47,15,19,6,34,6,13,6,45,23,24,17,46,22,33,31,37,32,25,14,15,20,41,28,39,47,9,17,16,6,23,15,45,23,13,27,30,35,39,9,34,37,43,42,29,47,6,12,32,34,10,6,29,50,45,12,32,9,34,31,14,34,17,28,33,14,37,23,30,17,26,8,36,39,20,29,40,10,29,19,40,26,30,34,33,37,33,23,13,29,47,36,22,19,45,17,8,35,37,20,35,25,20,37,14,38,22,10,15,10,7,35,41,43,10,19,27,24,15,42,20,48,34,33,11,50,22,40,36,11,36,48,34,15,13,18,36,13,10,48,12,14,47,20,27,23,21,22,45,8,45,48,22,23,9,28,46,45,13,31,47,41,22
21,48,28,37,25,17,22,26,10,29,21,20,40,34,19,31,49,49,29,41,40,26,31,20,31,16,31,36,40,17,45,47,29,14,11,12,29,12,30,19,20,11,50,5,41,33,41,45,26,15,15,9,42,38,9,28,23,34,6,24,25,31,20,44,37,39,12,41,15,25,10,49,20,12,15,12,29,19,13,16,27,29,18,37,22,39,11,8,36,33,27,28,48,34,24,29,29,42,33,6,11,44,41,17,7,20,22,48,45,18,39,42,36,12,40,12,40,14,20,29,18,30,48,37,23,19,28,48,10,11,29,15,26,22,14,9,40,23,32,29,18,15,42,22,7,15,47,13,28,33,9,13,17,36,41,28,15,43,27,37,11,25,27,36,13,44,48,9,12,24,18,17,28,12,22,28,44,18,12,19,27,6,15,27,34,27,22,49,20,27,19,25,32,46,34,23,7,15,41,47
38,8,12,39,36,22,6,44,10,40,15,22,11,22,47,28,42,30,10,14,10,42,15,9,19,36,6,22,48,43,44,37,48,24,24,9,6,8,8,48,28,29,23,21,38,13,27,27,33,7,49,41,48,25,11,13,28,43,20,44,7,27,15,42,16,10,12,38,35,23,47,11,17,44,31,30,6,15,19,6,42,36,25,34,20,42,41,25,32,38,33,21,22,16,7,24,12,33,34,17,12,35,14,7,12,44,20,36,49,19,17,25,9,25,23,23,16,44,34,27,28,23,17,36,47,14,5,27,16,48,34,8,48,40,47,25,29,31,15,40,31,21,36,10,48,15,29,37,44,25,31,26,25,22,20,25,12,23,45,34,9,19,22,21,16,33,47,21,11,26,10,27,5,42,11,23,45,28,18,47,36,13,19,25,39,5,8,15,17,21,41,42,13,36,12,15,18,30,8,18
39,25,11,25,48,8,7,34,41,6,35,21,22,15,35,24,12,23,16,23,31,45,19,39,49,30,37,25,19,22,8,12,23,36,8,35,23,22,11,30,15,17,26,39,48,33,34,11,34,47,27,43,48,40,36,47,6,40,9,15,9,43,35,45,20,25,11,47,50,25,39,27,39,41,49,6,40,25,50,46,19,13,10,8,29,34,19,5,13,29,47,50,18,15,23,31,11,31,7,47,49,41,42,6,43,24,5,39,18,18,15,11,20,37,11,47,41,16,49,35,42,7,11,41,35,36,15,21,46,24,18,43,39,34,5,32,37,28,35,15,6,38,15,44,32,16,15,32,19,17,35,42,44,31,37,48,32,34,35,48,33,33,29,49,43,21,43,6,19,31,43,15,9,29,13,13,30,18,44,28,23,21,15,25,24,19,34,5,15,48,20,37,19,29,12,14,47,35,17,42
30,44,10,17,44,21,32,18,26,43,16,25,39,20,6,7,20,45,9,35,6,13,19,43,47,21,35,25,36,38,28,30,32,33,31,13,45,14,33,47,24,39,13,20,16,26,32,20,36,23,36,18,34,23,41,27,21,26,12,13,41,30,29,15,15,25,31,35,50,13,24,5,49,47,34,8,26,12,40,9,5,45,10,36,9,47,34,34,24,46,28,37,44,12,46,11,38,37,6,34,44,45,42,26,27,37,19,28,25,27,33,12,38,21,28,40,16,21,32,34,28,47,16,35,42,25,32,31,21,48,27,14,32,17,26,19,20,12,42,10,11,27,6,5,21,9,12,28,8,41,33,46,49,34,38,29,18,32,32,45,39,31,9,33,11,30,37,24,49,48,43,20,48,15,19,23,17,25,24,42,43,44,12,22,23,22,36,39,20,41,31,11,30,15,9,38,16,21,8,17
7,38,26,38,13,24,34,26,32,23,22,14,11,47,15,31,44,39,13,48,49,34,31,22,41,37,50,40,16,32,31,38,20,17,24,13,18,32,25,14,37,27,27,13,19,13,11,29,31,19,40,48,11,12,44,47,31,27,39,20,19,45,41,17,36,39,44,29,49,27,21,18,5,26,37,6,36,29,43,9,35,9,47,14,26,19,38,19,15,43,8,10,18,24,48,31,48,49,17,40,25,17,25,41,45,30,8,12,47,20,28,39,38,6,33,29,45,37,18,44,39,40,39,10,23,10,34,36,37,5,19,31,38,7,37,42,13,23,6,22,36,34,48,44,38,26,8,29,41,41,30,18,39,42,7,21,28,32,38,34,10,19,43,41,7,26,32,24,36,36,31,15,7,9,7,28,11,41,46,20,28,21,48,42,34,37,22,43,35,9,7,30,45,24,10,21,22,11,40,14
23,48,26,19,39,29,26,28,15,6,35,25,28,25,30,48,30,40,10,12,43,10,43,13,45,45,38,43,45,31,20,29,19,13,7,37,27,14,28,50,5,38,18,24,45,19,21,25,43,12,35,49,19,16,9,31,46,6,8,29,8,31,32,25,43,24,15,33,45,47,12,34,8,30,49,29,19,28,39,34,9,21,11,20,42,10,25,16,48,37,14,7,16,35,17,49,21,20,37,7,14,46,22,38,31,27,44,21,16,18,39,26,47,19,41,42,19,29,48,41,40,43,39,38,39,44,8,34,49,38,21,17,39,6,25,35,20,24,20,12,18,7,43,13,37,35,26,6,30,10,9,18,11,35,29,32,41,49,42,10,46,6,29,46,9,31,46,39,46,43,12,34,40,32,31,12,11,38,32,46,11,23,22,18,26,8,12,45,10,22,31,10,10,20,18,40,43,33,46,49
32,8,30,22,49,49,39,13,18,40,21,8,10,36,28,48,29,25,37,39,16,47,33,39,26,33,12,9,23,38,36,6,33,32,23,15,38,12,48,48,42,20,18,29,16,34,47,44,42,34,29,23,8,31,36,30,22,28,48,11,11,24,8,6,21,15,44,39,26,35,27,35,8,48,31,13,14,17,34,27,27,27,37,23,33,44,48,47,28,28,43,18,7,48,11,5,38,35,6,15,15,38,21,48,44,32,46,15,23,18,12,15,42,47,38,40,42,26,14,41,40,25,49,10,33,40,48,41,30,49,35,30,49,38,37,27,12,41,42,25,33,33,37,40,10,43,46,17,24,31,19,28,14,21,25,7,49,20,36,18,28,8,38,34,46,39,15,34,40,39,14,31,24,14,42,28,37,21,9,35,45,29,14,43,37,44,50,18,7,24,23,49,17,22,48,31,15,41,37,34
47,20,17,16,32,42,10,49,27,35,25,11,21,33,18,50,46,32,19,32,42,19,35,6,31,32,38,8,12,42,13,36,35,18,29,47,50,9,10,35,34,48,24,5,17,37,19,11,48,35,39,7,48,28,6,18,45,13,33,31,9,36,20,26,14,11,25,9,22,17,18,8,6,41,29,22,46,45,31,39,36,11,23,24,35,15,20,20,18,32,29,17,44,7,22,28,35,50,39,48,37,7,10,8,29,46,15,42,39,32,28,10,38,12,47,10,16,24,38,13,21,49,9,17,47,16,48,39,33,18,13,45,43,38,23,32,43,5,26,44,45,42,38,10,9,14,29,37,23,43,33,22,35,47,23,44,33,25,41,25,34,33,24,35,7,35,45,26,32,12,20,7,19,30,30,8,50,46,11,10,33,30,24,14,37,46,22,23,49,39,20,16,16,48,27,18,21,47,15,28
39,22,37,14,42,15,11,42,36,18,16,47,23,24,48,48,46,9,41,26,33,25,19,39,48,32,18,38,7,43,44,22,39,16,10,23,31,20,46,20,9,29,34,37,29,6,14,44,35,37,12,42,13,42,17,14,6,49,23,38,26,29,26,32,41,45,13,31,44,6,14,41,20,40,38,8,36,14,40,27,45,39,18,34,17,23,6,13,46,11,47,48,19,7,7,19,27,12,30,36,10,42,18,7,16,8,25,15,31,42,7,20,29,21,27,16,24,37,40,30,46,30,26,38,25,23,23,42,18,26,29,36,38,46,6,8,41,12,36,26,26,20,6,12,16,22,19,9,42,49,38,27,39,35,49,43,13,49,20,46,19,17,34,12,26,14,16,13,38,6,17,47,35,8,13,46,14,39,23,44,25,35,43,22,6,48,14,14,9,49,49,16,49,19,35,24,47,25,24,14
29,27,20,22,38,48,23,33,40,38,16,19,33,30,44,35,13,25,10,28,44,37,20,9,37,45,22,24,31,29,25,21,8,31,39,48,48,32,44,18,39,43,40,11,16,41,12,25,26,37,33,12,31,31,44,11,12,10,35,40,14,47,47,33,48,29,11,14,28,6,46,22,14,33,31,12,16,12,18,19,25,22,23,50,45,43,18,41,18,9,32,12,28,7,24,43,46,45,45,27,34,36,40,9,47,34,21,44,46,16,32,13,18,29,8,7,49,19,46,45,15,9,5,23,38,10,28,36,29,30,17,13,36,49,49,6,6,32,26,48,12,12,16,26,7,29,41,9,27,16,36,24,21,40,22,27,23,47,50,36,33,48,33,31,20,42,39,30,11,44,32,46,48,44,40,8,43,22,37,46,13,22,8,46,34,42,44,45,16,25,46,27,9,14,48,41,47,18,38,38
34,7,39,48,6,28,20,10,48,23,9,48,42,14,49,32,45,12,20,44,9,27,28,49,49,50,18,47,40,39,24,40,13,8,42,11,23,9,45,39,41,31,14,18,6,39,10,35,35,30,25,12,39,17,38,34,15,47,23,33,31,24,32,40,6,41,15,10,47,21,30,18,26,23,49,11,22,18,35,42,13,17,19,31,28,24,19,26,10,30,42,43,19,48,23,49,5,28,37,24,20,48,43,18,24,11,26,11,48,33,27,9,30,13,39,10,36,13,45,44,48,37,22,48,17,41,5,19,50,45,36,41,22,24,27,42,44,13,48,25,30,33,32,48,49,48,31,23,25,25,26,45,24,23,23,44,48,10,13,35,23,17,7,17,36,18,45,23,32,34,16,23,23,42,12,36,38,16,24,11,6,8,21,29,27,30,42,13,31,44,12,15,17,12,28,33,14,28,29,32
33,36,41,36,33,10,37,6,12,39,43,29,18,49,45,8,32,49,16,36,29,23,19,45,20,33,45,10,34,47,35,6,27,35,16,21,30,8,18,16,22,15,27,7,28,16,43,38,17,42,16,25,46,11,30,8,18,28,20,9,39,13,44,8,41,11,33,17,48,41,28,33,47,38,43,40,17,22,36,33,11,34,17,42,22,46,40,5,7,31,44,35,9,18,5,42,36,38,46,8,48,30,30,16,43,9,36,13,9,41,38,43,42,34,11,25,20,8,44,13,29,44,43,7,44,41,17,38,43,48,42,8,21,6,13,42,30,5,36,13,40,24,19,33,21,36,46,28,19,37,46,24,29,28,9,43,26,29,27,6,27,39,48,41,43,13,50,47,42,18,23,45,29,13,25,17,45,16,21,47,43,47,7,40,27,45,8,13,13,45,36,18,25,33,9,25,24,11,40,47
42,31,22,10,18,11,7,35,43,30,6,37,34,41,48,47,15,24,50,25,39,40,16,6,22,28,37,31,27,47,48,43,18,45,47,35,28,7,23,31,43,50,34,8,30,45,25,11,25,29,44,8,25,37,45,45,7,15,37,38,24,25,35,8,19,44,49,16,12,34,32,16,16,36,50,26,32,11,10,47,7,15,24,38,20,8,46,10,20,26,7,30,9,8,26,27,23,8,23,46,5,26,20,14,10,12,34,46,9,11,45,43,13,5,28,12,38,36,9,25,48,15,7,29,49,16,13,38,30,30,50,10,25,44,15,21,16,32,26,5,14,6,41,37,42,13,44,43,26,34,40,22,24,7,33,18,25,25,32,37,27,14,15,45,32,46,33,20,20,37,27,22,16,24,20,21,21,7,5,17,10,35,12,23,31,19,31,46,34,25,39,18,43,49,17,38,28,5,7,27
29,37,33,32,48,44,29,28,49,6,23,20,10,5,41,20,7,44,11,41,30,34,39,30,40,29,13,47,33,30,15,31,20,35,13,21,49,26,39,7,16,45,46,20,45,14,31,27,29,28,9,43,44,20,26,45,7,35,27,25,41,21,21,5,23,20,10,5,47,29,8,16,20,22,40,23,28,29,15,42,28,32,14,17,17,46,30,8,8,42,31,10,39,30,24,39,29,41,17,17,18,11,50,28,23,41,16,37,8,29,26,27,34,27,25,9,10,44,24,50,39,8,36,26,30,39,24,35,43,43,29,43,10,45,8,17,48,30,39,41,33,44,10,10,19,16,50,19,15,7,24,12,41,43,31,48,49,41,11,10,33,22,25,9,25,49,22,11,23,5,48,42,7,50,6,48,46,40,38,45,7,38,27,35,50,11,25,39,31,10,32,29,33,17,36,45,38,39,43,40
45,33,38,44,23,31,7,47,39,48,37,15,6,22,23,27,30,50,17,19,37,35,47,7,31,44,9,25,30,42,17,44,21,6,42,45,30,15,40,6,38,31,6,38,29,10,11,39,13,42,36,11,45,47,36,6,24,5,31,43,28,40,17,19,22,40,13,38,36,35,8,40,15,47,31,20,28,47,12,27,10,49,46,9,12,29,49,44,15,32,47,48,48,16,29,13,49,31,8,49,34,23,31,39,10,15,16,9,45,19,50,47,24,45,32,17,13,9,17,48,9,22,33,47,16,11,11,29,28,16,16,42,30,8,17,20,41,19,21,43,16,27,43,20,17,36,6,41,42,14,7,50,44,37,44,42,48,20,37,36,37,46,47,13,32,47,35,33,32,16,38,43,45,11,26,49,22,50,50,32,44,33,26,17,26,11,32,27,26,9,43,7,17,9,47,27,32,37,17,31
33,50,30,31,32,35,50,29,9,47,23,47,31,25,25,33,26,10,49,42,30,9,43,36,6,45,38,35,26,35,36,29,44,18,16,15,44,12,12,41,38,27,30,17,14,8,22,40,9,16,33,35,8,16,25,39,11,8,30,15,8,45,19,13,41,29,25,28,45,15,9,37,37,8,35,39,34,19,45,46,48,40,47,19,15,15,38,27,49,42,6,10,21,36,39,21,24,32,47,28,42,10,25,34,47,39,36,30,13,8,24,31,43,33,7,8,44,15,46,30,11,15,24,40,23,15,10,25,27,26,22,10,25,26,44,31,48,9,36,30,23,10,19,39,34,15,39,38,8,49,40,30,14,45,11,9,18,6,31,31,33,43,23,44,48,39,6,15,36,43,33,17,29,32,13,7,29,21,49,23,35,18,30,20,34,46,15,43,48,20,42,33,13,17,8,41,44,41,30,6
15,23,40,27,31,29,22,24,43,29,21,38,46,6,18,16,18,48,27,23,10,8,22,40,38,22,40,41,29,22,31,24,20,26,39,38,35,48,45,19,11,27,15,39,9,17,21,13,48,42,34,47,46,37,42,29,37,6,37,15,22,17,43,15,33,42,28,14,21,42,20,23,17,30,12,25,12,34,40,17,6,47,27,26,33,18,20,49,43,18,33,15,7,14,13,29,36,8,37,50,29,45,7,12,43,6,28,47,27,19,35,45,44,21,48,37,40,22,5,32,38,31,49,41,20,17,11,34,49,23,33,11,32,20,13,43,42,33,46,11,48,23,17,21,23,46,5,13,25,50,6,20,13,21,11,12,12,14,11,41,39,16,13,41,31,37,21,37,7,44,46,13,49,26,22,10,10,33,49,34,49,44,34,18,39,27,5,15,40,7,49,49,22,40,28,40,40,42,9,37
29,16,41,26,41,23,33,21,26,29,23,12,34,49,12,47,5,45,31,18,45,8,31,43,17,8,36,46,49,7,23,33,34,36,13,10,23,30,10,26,48,15,32,49,36,39,19,29,38,18,15,46,30,47,21,22,35,23,8,18,23,41,8,40,19,10,9,22,38,6,16,6,5,6,29,25,45,20,43,5,32,34,40,44,43,7,24,36,27,5,30,14,40,21,25,47,21,35,47,10,18,43,11,41,43,47,21,25,20,21,29,49,25,14,19,18,43,36,43,50,35,23,29,34,43,8,26,45,10,19,24,19,48,15,38,14,9,18,43,13,42,43,9,42,45,25,12,41,25,14,22,26,45,43,47,17,48,7,21,32,18,10,47,6,32,6,35,7,7,28,14,26,22,22,22,24,32,42,29,35,48,12,26,37,6,16,44,30,28,10,32,42,38,17,7,39,5,31,47,27
22,34,37,27,7,20,34,41,30,5,39,49,10,38,23,31,16,27,32,48,34,18,19,46,6,19,42,9,40,31,10,38,26,10,38,12,29,29,32,34,5,22,29,31,13,11,24,10,49,8,40,6,46,46,21,7,40,41,46,29,5,21,24,9,7,49,46,7,49,22,9,30,19,49,50,21,29,21,38,25,29,8,11,45,24,6,40,18,9,35,19,28,42,13,34,46,45,31,34,29,33,9,33,33,46,21,9,47,47,15,45,47,16,35,23,25,37,33,50,46,19,44,47,19,38,14,35,39,12,12,9,21,12,11,19,42,27,18,31,28,21,16,21,19,23,36,7,24,25,22,36,40,32,23,35,9,13,11,18,44,19,7,38,9,38,5,28,50,33,49,18,32,13,44,27,43,49,15,46,31,17,48,35,8,34,23,37,22,27,44,32,15,23,7,28,25,27,24,7,43
19,7,9,35,24,11,23,10,11,21,33,32,6,24,32,19,34,47,50,46,33,21,44,24,38,35,31,35,34,48,21,10,48,17,21,10,30,45,31,49,36,32,5,36,18,49,42,29,18,30,28,5,46,27,39,19,31,40,16,28,7,31,21,41,6,27,21,24,39,11,49,18,17,46,9,9,9,34,7,17,27,9,49,30,16,37,24,45,23,24,8,10,29,36,47,16,47,40,43,44,12,44,8,12,24,34,37,24,14,16,47,31,40,34,20,27,31,20,33,37,48,17,35,11,8,50,18,50,33,23,6,9,48,37,43,39,37,17,17,32,17,16,11,35,35,25,24,21,34,8,39,49,32,21,45,23,33,48,31,8,38,32,18,48,30,41,30,7,39,13,6,20,36,11,34,34,36,25,10,7,24,38,29,14,28,7,40,7,26,32,14,40,5,11,17,29,31,17,35,47
32,18,20,17,37,7,6,33,39,27,23,34,48,6,14,31,11,37,45,14,33,41,18,39,6,47,37,15,42,20,38,14,8,26,19,27,31,18,31,37,7,50,25,25,6,43,9,31,17,12,15,9,5,29,18,33,38,32,15,10,42,23,47,34,5,39,8,49,12,12,27,22,32,43,10,21,34,11,48,49,6,12,15,14,12,37,37,37,24,40,47,16,33,22,10,25,35,6,48,24,10,45,32,26,32,42,49,10,13,34,17,40,45,15,43,14,32,19,45,38,9,47,42,7,36,27,29,5,33,25,26,16,21,45,12,26,35,7,45,32,24,30,45,35,10,24,14,23,48,50,36,28,6,20,37,12,31,48,40,29,31,36,46,21,26,38,17,18,24,25,23,15,45,6,46,31,18,10,19,34,10,24,9,15,9,9,48,40,21,21,40,8,11,41,49,40,19,38,37,33
32,21,14,42,35,39,48,27,16,14,18,31,23,49,31,28,42,34,33,43,27,27,9,17,16,13,21,32,45,8,26,33,39,29,49,43,28,12,20,14,37,10,16,26,25,18,44,24,49,42,12,47,10,11,38,26,38,19,16,49,31,42,19,13,49,46,30,23,43,26,15,5,45,13,13,12,13,43,31,21,20,9,11,40,40,48,39,10,46,33,18,37,24,39,35,29,44,38,19,7,32,6,35,48,21,39,38,42,36,43,46,30,35,48,17,41,50,12,14,47,24,43,6,12,40,37,40,7,48,8,36,7,12,21,38,27,23,21,34,6,12,21,9,25,29,15,13,13,16,26,37,19,6,18,12,12,7,36,50,24,48,21,37,32,32,15,12,34,16,30,6,29,48,15,49,10,6,43,21,34,32,11,45,32,48,8,9,31,41,48,44,19,6,13,38,36,21,8,25,34
48,7,33,30,18,24,43,16,17,25,23,29,13,29,7,37,46,36,13,47,22,34,37,44,29,37,40,26,25,13,48,15,5,47,32,7,9,36,42,43,50,34,9,26,19,23,13,33,37,14,47,13,48,26,31,5,33,11,37,39,24,35,6,32,13,22,22,49,6,12,13,36,14,37,29,44,36,35,16,48,21,19,34,36,15,7,8,6,22,22,28,38,44,32,48,39,45,26,29,49,36,49,46,42,30,42,49,30,8,14,9,22,45,20,18,37,22,22,9,34,15,38,48,14,43,15,39,42,47,41,35,11,28,26,41,50,34,29,50,18,6,16,12,16,5,36,39,25,33,28,39,19,50,42,34,9,35,40,14,37,14,17,42,44,29,42,37,20,5,20,49,27,21,48,34,35,25,49,24,48,48,43,47,20,6,14,41,24,47,21,30,24,49,24,46,23,28,47,33,46
39,49,32,40,19,11,20,30,35,34,14,20,38,18,43,22,33,49,9,34,9,38,10,41,22,20,35,19,38,23,35,49,44,7,33,35,31,39,27,45,40,39,29,13,50,28,35,10,44,34,19,41,49,29,14,8,28,19,24,27,10,9,39,49,44,25,10,14,17,22,42,14,38,38,27,11,21,5,25,8,13,26,40,50,45,14,28,28,42,10,9,41,30,6,17,8,34,31,28,24,42,21,48,36,37,46,13,33,44,39,22,6,43,10,19,39,43,50,44,38,40,23,15,11,22,15,36,46,15,30,21,16,34,22,39,21,38,22,29,31,28,16,45,36,42,24,39,23,5,11,31,43,22,8,49,45,21,40,29,41,24,29,42,44,43,44,25,9,6,15,50,48,27,20,20,9,42,27,9,5,21,13,36,27,45,32,40,45,9,44,39,44,31,7,37,22,22,25,24,14
29,42,13,23,48,33,32,27,9,21,32,18,28,21,29,31,14,48,20,28,7,22,17,6,8,17,28,23,8,22,6,37,12,13,43,29,38,46,18,43,32,40,6,19,35,31,19,34,27,10,8,27,32,43,8,15,44,48,39,24,25,47,19,24,38,37,13,44,46,22,42,17,19,41,13,40,42,45,37,23,21,10,34,42,18,42,31,11,28,41,43,34,44,18,24,28,18,27,10,26,11,47,41,39,33,37,48,27,31,21,15,42,18,31,46,37,40,16,15,10,43,9,36,47,15,16,15,34,31,27,6,23,21,29,28,15,35,34,10,21,47,28,22,19,41,24,6,7,26,40,47,7,48,23,49,41,26,13,15,34,26,47,17,23,42,46,12,41,15,12,45,16,26,10,7,10,21,19,17,21,34,9,13,40,16,10,9,30,45,27,20,38,21,36,31,10,28,36,35,5
32,46,25,38,40,7,21,44,17,35,18,16,14,6,11,17,22,13,39,5,29,24,16,42,44,17,24,15,30,21,6,18,11,45,28,36,42,9,22,16,29,40,33,24,37,40,39,48,36,27,48,8,31,39,29,30,18,22,32,37,36,49,15,10,48,26,38,50,24,5,36,37,47,5,15,27,16,38,40,50,22,25,31,48,37,12,12,20,44,26,50,25,36,34,41,46,39,24,22,26,40,27,49,18,6,46,29,22,16,27,43,22,45,34,30,50,41,44,43,5,41,15,39,19,40,24,18,29,24,25,6,40,47,44,7,8,40,31,31,26,21,32,19,17,36,41,24,47,30,35,32,28,39,26,28,16,37,13,38,20,34,41,37,20,33,15,28,42,31,43,48,15,23,6,45,12,20,10,25,43,23,38,7,44,26,10,42,33,24,21,37,38,17,44,13,38,45,43,27,40
43,22,14,7,8,22,30,35,27,35,23,37,31,42,39,41,49,22,26,35,47,19,21,34,34,36,15,30,41,41,47,17,29,23,25,5,22,31,31,50,37,46,24,18,22,42,38,43,7,14,39,18,19,17,20,37,36,7,6,29,17,22,19,40,21,50,26,11,32,36,35,21,41,37,32,44,32,9,7,17,21,31,28,45,24,34,6,34,44,7,24,17,42,40,31,31,26,7,13,21,32,33,5,48,42,25,39,29,25,39,10,27,11,26,8,11,13,36,9,21,44,18,26,46,25,38,19,15,48,36,6,8,31,31,45,39,48,26,49,41,38,17,23,20,21,17,10,46,42,5,36,5,49,32,6,46,19,40,11,38,38,26,28,20,29,8,8,31,48,48,15,6,40,28,8,27,40,25,18,15,17,26,37,9,11,49,29,6,15,28,42,49,19,34,7,41,30,27,34,15
45,22,42,37,7,42,33,42,25,24,24,44,23,21,49,15,20,20,40,27,39,19,35,36,49,17,6,13,12,11,44,39,35,22,36,27,13,15,33,31,32,23,18,16,14,39,6,12,25,12,6,21,29,16,28,9,31,42,46,37,42,22,15,44,29,28,44,29,44,46,8,18,29,48,46,31,5,37,16,28,45,47,18,42,17,30,17,35,20,41,12,29,22,29,40,34,6,12,40,8,45,17,22,10,42,45,14,7,8,9,43,49,6,33,48,19,27,24,31,11,44,8,10,28,36,35,21,13,32,9,11,20,31,22,36,26,40,43,8,23,46,19,15,31,26,41,20,40,35,42,34,39,13,36,43,29,41,14,14,18,24,10,19,46,41,10,9,38,13,19,32,17,18,6,6,32,11,8,10,23,28,26,50,46,48,35,48,50,34,50,48,22,40,27,18,17,12,24,43,22
42,13,16,30,24,40,16,13,17,41,15,16,27,30,42,8,20,16,18,39,44,31,49,27,18,18,45,36,32,36,28,47,36,44,17,19,42,7,25,11,17,40,48,21,36,39,10,34,8,49,39,40,12,41,6,27,46,12,42,10,9,20,42,50,34,23,11,25,29,15,41,40,9,17,47,45,44,7,9,33,8,41,49,19,11,23,41,18,43,11,47,38,44,36,11,48,11,13,39,32,12,41,23,44,10,29,10,8,50,12,35,47,31,22,7,8,39,20,10,7,44,30,14,43,44,44,29,6,8,48,8,26,22,42,37,46,13,13,19,11,49,14,17,41,10,9,6,45,29,27,41,48,35,39,28,38,10,8,10,44,47,22,40,30,36,10,33,26,39,25,45,18,43,16,27,41,42,22,33,9,26,10,10,39,15,34,34,8,18,13,41,24,15,49,47,28,37,48,38,33
29,6,32,9,42,6,6,38,18,11,26,50,16,23,33,7,44,20,14,39,31,47,19,20,49,36,9,31,43,27,29,43,13,44,7,23,5,41,43,45,12,37,18,37,37,42,7,14,45,21,22,18,27,36,31,49,6,34,33,36,14,22,16,16,11,9,11,7,30,48,23,46,20,28,40,40,36,32,32,49,8,20,49,39,8,30,19,20,28,15,12,9,15,27,21,48,21,40,38,34,12,12,30,48,31,42,12,31,36,35,23,50,39,44,39,21,33,34,37,45,22,9,11,31,36,39,13,30,44,38,9,24,47,45,18,36,24,38,46,48,14,42,8,17,13,32,9,25,45,44,24,49,32,32,20,20,35,20,20,10,40,42,46,47,16,31,30,44,43,15,50,44,37,27,13,13,7,14,46,14,29,21,40,7,30,44,9,35,38,36,6,34,34,8,10,28,8,22,48,41
13,14,22,44,37,17,40,14,25,16,49,9,18,47,40,17,6,36,40,19,30,6,48,30,9,30,25,40,48,49,13,6,28,43,44,28,22,26,40,9,20,18,47,43,17,23,40,17,24,27,45,24,47,27,30,13,48,26,22,12,31,26,43,40,37,29,25,43,13,29,49,15,9,27,29,30,45,7,6,37,45,18,6,45,44,50,41,21,28,16,21,41,28,22,36,33,36,26,46,34,19,38,20,13,39,17,45,49,24,24,43,13,8,14,6,8,13,25,11,34,12,10,7,36,43,26,40,13,12,21,30,9,48,9,34,14,18,32,50,45,48,35,47,19,17,19,39,28,7,9,22,7,23,45,33,43,37,29,28,16,35,13,36,32,25,17,15,25,18,38,31,39,29,22,5,8,41,17,42,46,33,22,10,23,18,44,39,36,6,37,42,44,44,37,20,25,42,6,34,36
23,35,14,30,38,39,21,34,40,23,12,8,35,40,35,31,43,39,36,42,28,35,43,15,39,37,17,26,43,44,22,29,23,23,34,32,6,5,19,8,5,11,21,26,13,21,46,38,32,7,46,11,28,29,24,39,24,31,34,34,12,32,42,32,30,29,37,20,48,41,5,49,21,24,14,27,10,32,14,37,17,24,5,9,11,6,6,39,30,12,15,41,47,34,25,7,30,21,30,47,23,16,45,41,16,29,41,46,22,12,49,48,24,29,28,18,16,45,32,13,31,20,7,14,18,48,25,30,14,41,26,36,50,40,21,41,46,16,8,9,30,19,19,23,34,13,18,32,28,21,44,17,27,9,20,30,48,27,15,40,27,46,17,26,44,6,25,21,13,37,49,24,35,29,45,28,31,9,29,8,19,37,9,19,46,9,34,9,25,14,48,23,35,48,23,19,45,10,38,18
46,27,39,38,34,46,48,35,8,25,31,34,16,10,45,42,39,36,8,35,20,37,50,31,27,49,31,17,48,22,18,9,15,15,47,12,39,8,47,7,33,8,29,21,8,13,27,19,28,25,49,35,24,45,48,41,45,31,37,46,14,41,22,12,9,29,44,45,12,14,23,30,34,33,11,9,16,37,36,31,10,23,31,46,17,28,23,31,37,9,27,46,47,19,49,20,18,39,48,6,30,12,23,32,34,30,26,44,24,25,6,42,35,31,43,43,27,27,40,7,27,12,7,16,12,5,15,21,18,34,34,30,45,43,18,30,32,16,8,44,30,21,36,29,50,43,45,15,31,9,24,19,24,40,27,20,33,23,10,12,17,30,24,14,37,33,23,23,48,32,45,32,20,43,7,31,15,12,7,11,41,25,33,18,15,25,21,50,12,24,33,12,42,27,7,43,6,28,6,46
13,33,32,19,30,49,27,11,12,45,31,18,19,26,10,11,5,6,28,45,20,14,25,45,34,41,28,21,26,42,47,36,32,26,46,46,7,21,36,11,28,47,11,11,30,8,42,28,41,43,27,21,37,40,6,29,33,36,10,21,32,48,26,32,25,12,42,45,17,32,24,43,13,29,39,30,20,45,49,33,32,39,8,11,30,35,27,24,38,9,35,44,26,49,32,49,44,9,24,13,41,9,9,20,48,13,16,26,7,11,28,29,24,30,20,32,10,37,20,5,10,12,26,31,29,36,8,42,25,22,33,17,25,17,27,48,38,42,10,24,12,27,18,43,23,19,28,10,23,32,45,16,5,46,27,31,16,44,29,43,26,45,21,33,13,42,8,46,7,33,47,33,20,24,30,32,15,30,43,28,44,11,25,8,24,28,24,32,24,26,16,25,12,43,13,22,6,35,43,42
18,22,37,21,10,31,47,35,30,25,27,35,38,15,17,35,13,8,7,43,21,38,33,33,10,26,42,10,12,26,20,45,6,41,20,48,16,26,19,42,25,17,36,26,22,7,30,19,6,30,36,15,41,45,24,18,29,8,32,37,38,40,36,35,11,20,20,42,21,38,19,7,25,14,15,35,23,19,20,34,41,24,20,48,34,48,15,35,37,8,25,14,39,29,9,41,22,30,26,15,38,7,44,9,18,8,20,29,24,28,27,11,23,33,5,7,15,44,46,23,40,33,50,46,11,17,18,49,10,26,39,28,32,38,26,49,31,36,11,13,8,13,21,18,38,24,36,35,50,10,10,36,39,25,19,49,17,24,35,32,8,48,5,15,39,20,21,18,23,23,45,39,10,14,16,31,30,9,40,33,39,11,39,8,49,39,30,30,36,33,15,10,33,15,6,18,33,25,45,32
21,23,17,5,12,34,15,11,44,16,5,45,6,33,45,16,23,41,25,49,37,6,42,16,49,26,10,49,19,11,29,9,25,49,37,17,8,12,6,50,40,16,20,47,38,34,43,9,18,29,17,31,13,20,48,15,19,45,44,18,12,18,32,43,14,10,18,28,19,48,26,26,36,33,44,24,31,8,46,17,7,28,12,15,26,43,13,43,46,27,19,17,25,35,11,26,10,16,20,22,27,41,49,33,43,26,49,16,36,48,39,34,29,24,16,27,32,17,25,33,6,20,22,36,12,25,31,41,26,9,11,46,21,30,10,44,8,20,48,39,8,6,8,5,12,12,46,29,6,49,42,30,32,20,12,25,47,22,14,24,29,7,43,25,49,12,20,34,25,40,24,45,49,13,20,25,28,16,29,30,45,22,22,42,49,12,48,11,23,34,38,37,27,28,45,13,48,33,27,41
12,31,45,16,45,29,18,42,12,8,35,28,29,8,28,17,31,16,6,38,37,34,25,38,47,39,49,14,9,35,36,30,20,43,5,17,10,10,22,50,50,17,23,8,6,9,35,48,16,31,34,20,22,45,15,35,18,9,43,48,47,14,7,37,47,33,45,27,11,28,17,43,17,27,36,43,38,50,41,38,45,48,18,21,5,47,14,46,43,27,20,40,30,35,24,23,46,35,22,12,15,27,8,38,38,17,37,26,16,23,44,37,28,20,43,27,10,16,39,14,49,11,22,20,40,32,41,46,47,12,14,15,38,33,20,49,44,9,35,8,22,45,15,22,42,49,25,31,12,20,42,18,24,50,24,14,45,7,28,9,13,25,48,34,30,49,7,19,44,26,13,13,37,37,47,9,44,30,12,20,19,37,13,12,49,50,41,6,27,33,27,45,29,12,15,10,21,28,48,19
40,14,39,25,37,11,50,44,25,49,14,26,39,10,15,41,20,29,37,20,29,30,7,48,48,45,26,50,46,18,19,47,36,31,32,17,8,7,44,40,10,6,32,6,39,41,16,44,43,6,30,30,24,24,34,26,43,25,42,28,36,30,16,44,11,21,35,9,43,12,20,22,8,12,38,49,16,9,27,34,9,35,33,17,8,12,19,37,43,24,13,17,37,7,10,35,40,40,43,46,32,8,19,43,36,40,7,48,36,30,13,14,32,9,22,48,40,36,9,19,8,21,13,17,18,37,42,20,19,21,17,25,9,49,13,45,22,10,13,42,19,9,21,30,9,7,13,31,42,13,44,8,12,7,47,5,24,35,44,19,15,15,10,47,11,39,26,17,14,23,25,24,15,18,28,31,9,47,36,47,38,48,48,40,37,22,22,50,8,48,42,7,25,29,9,19,50,26,20,10
9,39,36,24,26,39,34,6,22,15,48,39,16,47,29,43,37,19,24,34,15,33,6,18,14,46,38,32,9,16,24,13,22,25,10,37,20,20,28,43,45,13,38,32,11,31,31,46,23,15,45,32,48,46,12,34,16,28,25,24,48,23,40,42,26,12,45,33,21,25,9,11,22,21,31,15,9,43,40,19,48,12,42,32,27,29,6,8,37,29,6,28,13,41,24,35,34,8,26,45,40,23,49,37,31,46,39,28,20,40,22,35,38,24,30,40,49,21,35,12,19,39,15,20,38,36,21,11,16,28,13,37,21,47,19,25,18,14,28,48,26,18,15,31,34,34,29,46,42,29,8,27,38,19,8,33,22,15,21,12,34,43,17,33,48,27,19,34,27,16,23,13,5,10,17,15,43,46,43,42,30,45,38,39,40,24,40,13,28,29,31,37,34,16,38,32,8,7,46,40
47,42,18,30,24,7,31,47,35,45,25,46,35,5,11,10,43,19,30,38,46,23,25,14,38,24,23,12,7,38,43,21,16,6,22,40,22,49,15,44,21,20,36,43,32,31,37,29,46,43,17,31,10,34,29,8,24,31,43,46,14,46,41,23,42,35,23,44,13,16,24,23,37,42,8,35,7,28,19,34,32,26,11,30,40,44,37,33,31,21,31,34,42,44,6,35,26,47,22,40,43,7,36,16,40,22,8,9,11,9,40,38,26,26,16,24,15,32,25,12,5,21,19,34,5,10,16,12,12,49,19,31,27,35,39,21,37,11,9,17,31,44,26,33,35,49,41,38,11,40,49,25,47,46,30,46,36,31,11,25,48,14,28,14,47,8,44,50,44,8,48,41,17,21,30,21,33,32,16,6,28,41,18,41,10,19,26,41,50,23,28,6,11,48,38,8,12,24,33,7
14,12,6,49,28,36,12,45,34,49,29,10,35,39,20,25,18,18,36,44,27,41,35,32,42,7,34,16,8,26,43,29,22,40,46,19,27,27,35,22,24,41,13,9,47,12,13,38,25,20,32,15,11,10,32,30,17,19,9,12,22,31,34,28,7,8,46,50,45,24,9,37,6,49,6,24,47,27,9,45,50,35,15,33,22,13,38,39,14,44,37,17,12,34,27,37,12,38,34,48,42,14,14,22,31,16,32,30,37,5,43,27,7,14,48,37,25,17,29,14,43,9,40,6,9,41,24,26,39,29,43,12,21,24,24,37,25,10,47,24,24,14,13,34,28,25,12,46,31,10,15,14,19,13,5,28,29,19,26,31,20,43,29,27,20,28,44,37,16,43,8,35,35,12,18,8,44,32,46,16,35,48,16,8,19,47,46,42,38,27,29,21,40,29,49,34,30,18,8,31
18,13,22,33,18,17,43,18,31,11,31,21,31,13,39,40,42,30,39,26,38,45,46,35,9,14,42,47,48,39,7,43,21,14,49,9,14,8,39,22,50,19,29,25,39,15,20,46,9,34,8,24,18,14,12,21,28,31,6,20,26,24,11,22,38,19,29,40,19,34,21,16,8,10,15,22,47,25,21,27,28,46,41,22,20,23,40,36,5,40,41,30,22,22,10,29,26,50,18,30,14,31,38,20,26,36,33,5,24,35,44,32,12,15,46,8,15,44,25,40,27,17,47,47,40,18,14,28,43,45,16,37,22,6,47,18,12,42,30,16,7,36,16,25,16,6,40,32,15,38,40,49,35,27,17,12,26,11,17,48,19,47,26,22,28,15,35,15,38,24,11,34,11,18,22,25,7,8,45,32,32,33,13,15,21,45,11,6,43,20,6,8,5,24,18,19,41,44,35,36
12,46,7,28,23,27,47,33,30,12,34,6,6,15,44,22,44,29,41,39,26,37,13,27,17,50,21,7,28,50,10,6,46,29,41,29,5,48,32,12,50,20,43,37,33,35,49,38,21,36,8,11,48,45,50,22,50,49,29,44,8,40,14,45,20,5,10,25,41,8,25,26,39,49,34,34,7,6,30,45,27,25,41,35,32,38,15,9,50,5,19,22,41,10,42,34,12,36,15,25,44,5,31,47,24,48,29,46,38,46,25,7,39,26,7,30,23,16,13,7,20,40,41,16,36,12,30,46,19,40,31,10,32,45,45,29,24,41,24,37,45,10,10,35,45,8,24,12,26,42,50,25,27,39,34,8,39,37,10,32,22,22,22,15,23,27,11,45,7,27,40,46,44,20,16,32,49,8,25,31,31,35,19,23,15,20,6,41,25,30,9,40,8,23,24,6,10,19,22,21
13,23,26,36,26,14,11,49,17,5,43,14,42,19,37,12,31,19,9,34,19,35,44,12,18,34,26,26,16,10,20,36,21,29,31,49,49,48,34,11,44,31,25,19,42,7,22,33,11,36,48,22,34,10,47,30,39,26,12,22,36,46,43,34,40,41,20,16,34,25,15,26,12,23,37,43,38,17,15,33,34,8,34,43,13,24,6,6,50,24,20,20,30,16,13,26,17,24,44,35,9,22,45,32,37,27,9,17,16,22,49,41,33,20,50,9,28,27,7,22,6,44,49,23,24,30,26,42,42,10,7,19,28,15,39,48,13,23,14,11,34,20,34,25,13,26,37,8,19,24,48,44,36,17,33,35,26,32,31,21,11,36,37,46,20,15,18,27,35,19,49,18,25,24,32,32,48,20,21,24,41,34,15,38,31,24,10,41,24,47,30,47,18,16,41,27,39,37,7,44
18,40,43,31,21,42,21,43,28,30,50,32,24,37,6,43,36,28,38,21,13,42,29,27,13,39,22,11,7,31,5,47,45,26,6,11,45,6,8,35,35,33,27,39,31,28,19,23,46,37,6,9,21,40,20,36,10,17,10,39,37,36,15,20,40,44,35,27,26,23,16,8,30,12,36,45,13,50,34,41,34,35,29,36,9,40,37,31,7,19,46,24,47,8,40,32,46,22,16,18,14,34,16,22,25,44,46,19,5,6,8,8,7,35,11,38,40,16,13,48,7,9,10,41,8,14,11,45,22,24,10,39,28,21,21,13,9,27,7,14,30,37,22,43,26,15,49,38,6,5,21,6,10,14,30,12,32,29,9,42,34,42,21,15,32,19,43,21,34,22,14,48,23,24,21,45,41,41,26,25,29,47,14,15,31,19,37,26,49,27,46,45,27,28,30,9,15,49,45,21
24,26,24,15,8,33,15,45,27,8,49,42,38,20,40,10,10,47,38,35,31,15,40,41,17,45,21,23,45,32,17,24,12,23,44,48,48,46,37,39,7,19,14,30,36,36,31,33,6,18,29,24,41,14,31,27,10,15,38,29,47,32,39,28,17,6,24,41,9,42,41,10,17,24,18,26,50,16,35,43,11,31,48,39,27,8,41,20,5,5,20,36,12,24,42,11,49,8,27,27,46,36,43,7,18,28,44,50,16,15,36,37,10,42,15,9,44,22,37,44,44,34,17,31,31,28,22,10,5,14,19,49,48,49,19,12,28,40,15,40,15,6,31,9,22,10,20,42,25,14,11,12,14,27,15,28,42,15,35,29,8,28,29,26,39,29,32,9,43,44,40,44,6,30,41,8,45,38,7,34,11,26,8,18,31,37,25,29,12,32,27,41,43,21,11,10,28,27,39,16
24,33,22,39,16,45,31,38,41,20,15,49,49,7,11,38,33,28,19,18,7,27,16,47,12,11,9,41,35,16,20,31,45,24,6,7,44,14,32,6,21,26,17,17,31,46,22,28,42,35,18,47,29,19,41,13,34,48,40,33,46,36,24,12,10,25,40,10,23,39,13,37,40,46,21,21,9,17,49,43,33,27,37,32,20,14,31,21,14,5,42,22,41,10,40,43,39,20,36,20,14,41,48,31,32,16,37,34,41,42,6,21,15,18,41,8,43,34,24,23,9,12,17,12,18,7,39,42,9,27,41,6,48,25,28,25,31,25,31,27,8,44,44,33,23,42,20,46,7,12,30,24,20,16,37,10,31,29,31,26,13,12,35,33,46,22,25,16,31,31,34,28,41,28,20,7,25,20,19,25,40,30,38,45,19,22,11,30,11,22,35,45,33,27,47,44,10,44,37,18
49,14,28,35,10,47,11,45,6,15,33,49,33,43,20,37,35,35,20,38,26,27,33,13,44,31,9,10,22,27,47,34,30,10,9,44,48,7,11,7,13,12,28,11,28,19,22,25,37,48,14,28,8,19,39,5,43,7,7,23,13,47,8,7,9,26,6,27,10,42,24,14,48,19,34,49,49,23,35,29,8,42,11,10,45,44,27,6,35,17,7,47,45,17,15,32,6,40,48,44,34,42,32,38,41,17,34,17,36,15,37,7,47,45,36,29,20,41,26,15,38,23,7,46,42,41,20,18,37,23,34,27,6,20,10,21,20,48,32,10,6,27,28,42,19,10,18,14,49,23,39,46,41,38,49,10,46,12,38,18,46,46,45,9,19,17,35,24,25,23,19,18,34,50,43,22,22,28,42,23,40,17,8,17,34,43,46,6,19,36,18,9,24,31,43,20,12,38,38,36
30,44,25,37,25,20,12,41,33,15,44,7,24,8,44,38,38,37,45,16,15,27,11,14,37,12,39,14,5,33,12,25,20,9,12,41,32,6,26,23,6,15,9,11,38,31,19,46,32,32,7,10,37,48,38,48,40,12,19,34,27,43,26,14,36,26,33,6,34,17,22,46,44,14,9,16,16,43,18,9,13,36,46,37,21,29,18,39,11,11,15,34,49,6,37,38,49,32,16,40,8,18,18,38,37,28,33,19,14,33,31,17,38,10,6,11,23,28,7,40,6,24,27,47,44,41,30,31,11,10,20,7,21,7,7,30,6,36,41,35,43,49,42,38,40,43,44,11,14,19,10,40,23,27,16,9,29,47,37,17,6,7,14,49,47,14,49,28,5,17,44,29,30,8,35,41,31,38,28,16,28,19,11,41,40,37,18,35,14,23,20,12,35,45,44,40,7,24,39,18
