14,33,33,46,36,10,24,8,32,22,41,13,25,40,33,38,43,9,22,11,9,37,17,35,11,40,5,7,49,17,23,13,36,23,32,31,39,15,26,25,29,30,39,49,20,36,26,21,24,40,36,6,9,22,14,46,48,48,11,49,12,17,26,14,6,14,40,19,34,38,17,16,47,39,34,25,40,44,29,19,36,47,48,47,35,42,37,31,41,27,36,33,49,20,11,22,35,39,28,15,44,13,30,44,12,39,36,28,27,26,33,42,33,25,35,29,29,8,33,22,39,26,48,12,31,6,38,40,44,27,39,14,47,20,37,15,26,37,26,19,33,8,23,44,13,33,35,36,44,31,43,41,40,37,31,37,18,20,27,8,44,17,35,34,34,45,34,20,41,49,14,26,47,43,47,30,39,37,30,15,49,7,30,12,23,38,20,22,9,10,17,13,44,43,17,5,14,20,25,13
41,30,9,35,10,48,25,6,43,7,41,14,24,45,42,19,13,33,39,27,7,6,48,24,29,43,6,16,44,9,44,38,18,15,34,28,50,8,48,29,39,21,6,36,18,27,39,48,9,20,26,47,29,40,47,6,23,48,7,17,10,18,22,24,35,15,46,15,15,9,26,47,47,6,23,12,37,34,22,25,20,16,26,7,42,45,10,29,27,18,46,50,11,10,43,23,46,20,40,33,41,5,16,36,12,27,38,44,18,33,20,28,37,17,41,8,36,18,46,25,29,32,14,49,45,31,31,48,20,22,14,23,43,40,37,5,49,27,15,20,15,45,38,8,45,49,9,27,29,28,46,38,20,16,46,8,26,39,18,24,41,32,26,39,46,10,18,13,40,26,29,11,45,24,48,11,6,49,18,5,5,44,20,28,29,17,46,25,7,45,8,16,47,30,36,22,29,16,48,26
8,36,47,34,27,24,40,42,22,23,15,38,15,18,46,49,47,36,47,7,21,46,46,22,46,48,25,31,48,27,11,41,27,42,49,24,33,9,38,9,24,5,23,33,43,24,14,27,23,14,44,47,23,34,25,17,8,44,28,11,9,10,32,42,44,24,20,39,32,24,38,47,11,16,13,28,44,42,5,24,37,46,49,30,34,11,9,40,40,39,16,34,40,13,27,12,18,6,15,8,8,28,13,17,50,46,14,49,31,42,24,40,41,45,30,14,12,26,47,13,44,41,39,6,10,44,15,23,37,34,31,29,20,7,8,23,21,6,12,27,38,14,38,12,7,17,41,29,49,13,39,36,14,9,6,24,42,23,35,13,46,31,44,16,19,21,47,7,23,13,31,8,22,26,37,32,28,6,41,41,32,19,29,22,7,35,26,24,40,20,21,26,7,43,11,46,38,38,19,13
11,18,41,37,40,16,9,37,28,39,18,17,7,22,35,12,41,29,12,43,33,18,28,14,45,38,26,35,44,25,38,49,14,34,45,7,28,48,27,24,30,33,36,37,38,49,10,15,39,35,49,43,45,44,29,13,10,14,35,24,15,27,35,49,44,20,13,13,47,10,16,12,33,28,15,28,41,47,23,16,18,48,21,38,42,45,41,10,42,45,28,34,37,10,8,38,34,13,21,28,13,29,18,28,28,39,27,34,42,43,15,24,16,25,30,27,34,19,22,14,13,24,40,30,28,39,19,12,39,35,45,47,14,24,50,43,46,17,41,13,31,40,47,9,19,19,20,30,25,7,43,12,41,44,21,17,27,24,30,21,10,18,44,22,45,6,35,24,26,27,7,32,34,34,15,37,17,45,17,5,25,8,38,44,27,12,23,49,14,27,34,38,33,43,38,14,29,48,19,44
10,28,22,29,16,37,30,14,32,45,34,21,13,35,49,11,47,35,28,7,16,18,29,23,29,9,34,40,28,13,17,21,32,45,46,20,12,22,41,23,37,30,36,34,20,35,8,19,26,16,42,34,47,17,40,40,27,49,17,49,17,41,5,47,47,31,33,7,45,9,30,25,32,46,49,21,47,14,9,8,24,28,11,29,8,21,22,36,41,13,17,48,28,14,29,16,34,25,35,36,42,35,48,48,21,21,22,44,9,5,22,6,8,23,49,30,45,33,8,33,31,12,13,24,39,6,32,37,6,34,46,44,46,44,32,15,13,46,6,15,27,18,38,11,7,28,45,41,42,35,38,9,42,31,16,18,11,40,22,17,10,9,26,30,37,40,41,6,13,42,48,9,24,24,33,49,28,44,31,11,18,20,39,44,36,28,10,40,24,16,13,39,19,33,32,42,14,10,39,20
23,15,8,34,47,42,11,34,40,44,48,42,25,36,23,20,43,39,16,21,10,16,11,38,20,40,16,30,7,19,6,10,14,29,12,36,39,31,11,6,23,14,43,14,21,31,43,23,44,46,25,20,43,41,43,29,16,46,43,40,35,27,7,36,6,48,20,14,33,47,26,5,27,33,20,8,30,44,30,50,38,16,42,22,33,25,17,39,37,17,37,41,30,22,26,12,27,28,26,25,14,47,12,45,32,49,27,33,46,21,20,10,14,10,34,21,45,34,42,28,40,20,31,20,50,36,11,33,35,6,13,42,28,41,31,13,26,18,38,31,17,12,15,43,6,47,40,40,38,50,10,33,30,48,27,19,18,37,49,11,20,43,5,21,37,22,24,26,24,19,47,32,8,7,24,49,8,28,12,40,42,17,11,45,43,38,5,48,26,46,45,36,40,9,41,22,19,37,15,11
26,27,17,16,45,29,44,47,10,44,45,36,49,45,38,16,36,45,40,32,38,43,12,49,10,24,33,19,31,15,14,14,38,27,5,46,9,5,5,25,11,14,6,16,41,34,46,38,34,43,22,7,22,26,45,37,36,47,43,36,30,24,9,37,46,12,44,32,10,37,48,49,19,17,44,7,35,19,41,23,49,12,28,13,18,24,31,20,43,28,25,15,14,20,6,42,22,29,26,20,11,9,6,34,19,43,24,13,26,33,22,22,28,17,46,21,31,50,19,47,14,29,34,19,12,21,38,41,15,12,30,39,30,21,27,42,33,14,6,25,39,44,46,40,41,15,22,18,23,41,18,8,17,18,27,19,33,42,17,8,9,42,16,48,17,7,42,49,22,43,36,37,35,34,33,44,38,34,26,15,12,7,34,11,42,38,28,13,9,34,13,14,18,16,50,45,15,36,26,26
16,20,8,28,18,24,10,26,27,48,49,47,41,33,11,43,46,15,50,45,44,13,41,29,6,28,33,7,42,14,47,16,49,5,15,50,28,9,36,20,42,36,10,17,26,44,14,19,17,17,26,23,30,24,18,38,20,41,38,42,25,18,21,22,37,10,49,31,40,27,31,36,16,17,30,42,22,20,6,12,11,37,23,28,31,47,21,30,19,21,11,33,34,17,33,36,26,50,45,17,39,20,40,45,24,35,24,36,44,42,37,12,18,29,46,38,38,20,7,7,12,42,31,25,43,9,24,36,24,35,28,21,37,49,28,26,44,50,42,41,40,45,49,23,11,38,31,24,12,32,6,9,48,10,9,12,21,19,49,45,36,18,44,8,29,25,11,19,6,47,37,46,10,20,10,22,48,15,40,11,16,23,41,25,9,13,14,31,21,9,33,16,47,42,21,17,9,48,40,5
22,17,13,41,47,45,16,11,16,29,5,22,46,49,39,19,27,38,10,27,37,42,40,18,47,6,14,45,36,10,46,50,40,15,46,28,47,38,11,44,28,28,7,40,19,13,43,49,47,32,34,28,13,32,13,19,34,13,9,18,13,10,35,28,10,32,14,41,37,24,41,36,32,40,23,29,12,37,38,26,35,31,24,23,50,30,18,13,31,32,28,33,38,8,21,11,40,31,24,48,45,38,19,12,30,7,34,31,44,9,44,30,37,17,31,9,45,38,21,21,41,39,15,19,49,12,29,42,37,7,29,45,31,42,12,7,43,30,15,41,15,22,14,42,43,22,26,32,19,45,47,34,37,22,27,13,50,46,50,21,10,29,37,32,43,20,34,35,50,20,20,26,33,23,43,39,32,45,27,40,13,30,21,27,44,30,26,49,47,39,8,23,35,47,6,26,11,8,27,36
35,30,11,18,24,31,42,6,8,35,39,23,17,12,7,47,37,19,48,28,16,37,32,33,35,16,21,8,48,30,29,14,9,12,8,30,25,20,11,20,30,21,35,45,12,27,41,24,16,21,21,27,20,33,20,38,44,5,11,29,39,22,26,47,42,7,26,14,31,28,21,37,24,27,39,9,22,15,49,33,10,10,41,22,37,15,39,36,41,29,44,13,21,16,26,27,43,6,20,28,6,44,36,40,45,8,31,26,35,12,6,17,41,37,7,31,31,30,5,49,8,28,19,35,12,19,5,27,41,20,10,29,45,13,47,45,38,27,32,11,15,34,29,35,18,34,16,39,12,35,26,31,7,43,15,18,41,18,19,21,50,42,10,38,39,22,9,19,20,45,39,24,25,22,5,38,48,46,29,40,44,26,15,24,43,23,18,48,5,39,32,31,47,46,25,11,44,13,12,8
32,36,12,48,48,33,30,5,11,28,34,43,44,22,31,31,34,24,26,22,24,16,40,17,28,9,40,19,11,33,44,14,16,5,43,39,18,25,31,46,18,31,31,36,48,47,31,39,40,31,30,39,27,43,20,38,14,27,41,8,38,6,30,5,39,39,46,19,43,22,35,26,48,43,7,18,21,37,44,39,39,23,18,45,37,36,32,44,14,48,29,18,14,39,22,20,25,25,10,44,38,11,24,23,39,13,39,27,13,49,36,23,34,14,44,12,42,35,23,21,13,8,47,45,27,15,13,27,42,30,17,18,49,43,9,18,16,27,24,32,14,9,15,8,15,46,31,49,40,16,38,27,31,46,13,23,40,21,38,45,42,14,47,40,10,43,48,43,24,6,48,11,8,41,7,31,50,33,23,14,46,27,16,27,48,24,31,36,19,16,50,9,31,41,12,33,20,7,19,28
28,6,44,29,34,47,46,12,23,26,44,26,10,5,7,44,9,38,35,19,41,37,8,29,29,5,16,41,32,5,12,38,7,9,19,32,20,40,19,47,22,14,47,12,29,31,41,38,20,43,48,42,46,34,28,24,33,25,30,34,45,13,16,13,34,18,46,41,13,36,30,15,34,28,26,22,32,16,45,18,38,47,9,48,30,24,5,37,27,29,50,13,6,16,7,49,39,34,9,19,24,26,45,36,45,32,26,38,43,32,45,12,19,30,38,26,31,9,31,15,35,47,13,47,25,25,22,31,11,10,7,25,16,21,27,46,9,33,48,43,35,16,27,45,20,37,46,48,19,36,20,32,21,23,9,39,16,13,6,13,42,41,35,48,37,39,14,12,8,37,38,36,10,50,19,10,19,49,47,43,39,35,26,27,50,39,50,6,45,35,13,5,18,34,45,15,11,34,12,19
9,49,26,49,14,27,6,28,9,44,41,50,6,43,44,23,41,29,34,47,14,40,27,12,49,17,31,43,40,5,8,33,6,30,23,6,39,46,16,26,25,9,28,13,48,20,49,8,39,7,41,17,15,15,28,29,43,35,9,42,5,26,25,11,28,12,26,10,17,49,33,42,25,44,9,24,47,20,44,7,19,12,48,48,11,11,12,33,46,41,32,32,45,6,23,46,10,21,46,24,29,23,31,18,20,6,42,49,39,48,42,47,27,36,39,29,9,50,40,33,13,35,27,21,13,16,36,21,15,47,39,26,36,6,33,9,19,49,31,17,27,30,8,8,43,18,21,45,15,38,13,26,14,41,30,39,24,9,19,22,33,33,36,5,27,38,26,37,47,15,27,13,10,26,39,21,25,41,13,7,28,36,28,49,17,49,11,12,15,27,33,32,6,35,18,46,7,11,44,25
28,16,12,20,13,19,20,28,36,48,24,11,41,45,49,9,20,12,15,21,32,19,38,6,18,27,31,20,15,18,21,32,38,19,47,26,49,28,25,47,41,18,41,25,29,18,37,48,33,19,30,22,22,25,10,14,26,25,40,32,13,28,8,5,23,25,30,16,43,38,7,47,11,7,38,33,45,31,18,13,38,24,20,17,46,37,18,35,40,10,35,35,30,32,6,41,10,21,34,16,7,15,42,38,14,29,39,18,17,44,49,44,46,38,23,30,11,22,29,9,20,15,39,18,28,10,38,38,16,43,17,16,44,8,15,25,16,15,8,45,41,16,7,6,48,27,50,21,33,44,8,12,50,18,26,39,40,11,47,8,16,26,5,36,39,38,27,34,20,29,41,16,45,22,40,12,13,45,36,34,36,50,10,10,37,10,32,41,29,15,10,6,49,18,34,30,24,39,16,6
44,11,47,44,31,44,36,49,8,25,30,24,42,44,22,28,21,23,42,24,17,40,12,29,10,16,34,43,9,19,21,48,48,10,47,47,12,39,19,46,12,41,43,19,14,23,36,12,41,47,30,15,12,21,36,44,45,27,12,17,32,24,27,43,26,20,25,34,40,7,31,26,50,29,43,6,34,27,21,43,29,42,46,23,15,43,37,42,43,48,8,25,10,34,34,48,37,27,40,9,20,19,33,5,28,38,19,33,9,39,14,31,12,22,45,47,8,35,44,31,22,41,35,19,22,6,30,16,45,42,13,35,45,42,6,7,6,9,44,49,39,21,16,48,48,34,26,21,30,31,49,27,27,35,24,34,11,45,7,47,6,34,34,33,11,42,20,38,16,43,12,32,49,28,39,23,9,14,26,33,23,23,19,42,33,21,34,36,29,18,28,17,39,36,25,41,25,14,8,31
23,23,20,21,14,17,13,27,30,39,27,27,8,14,7,6,49,20,11,45,11,43,22,30,46,40,44,13,43,46,20,34,6,44,10,23,12,48,32,12,29,40,44,36,26,29,29,48,12,12,39,14,7,34,9,7,6,21,7,46,43,25,28,45,24,17,10,49,44,35,31,33,10,44,11,18,13,20,8,32,38,22,15,40,25,45,11,44,18,39,38,36,40,49,30,41,37,18,11,36,43,33,49,15,37,6,7,36,7,41,45,11,42,22,40,33,42,29,30,45,36,26,16,28,23,39,49,43,16,23,19,47,28,15,25,18,17,18,10,20,15,45,16,27,18,38,7,44,22,18,25,21,7,11,45,23,9,6,10,33,20,45,17,7,12,24,21,37,38,31,5,24,34,5,34,46,44,16,30,43,26,9,49,9,20,11,42,7,24,43,47,6,43,39,18,26,25,10,22,24
27,15,9,24,26,44,48,29,43,25,9,50,43,24,47,20,44,27,46,49,48,18,43,29,9,47,26,14,28,33,45,36,32,21,43,24,24,11,17,35,9,29,33,43,7,48,33,19,20,45,44,38,15,34,33,18,27,46,12,14,11,41,38,11,19,45,17,22,23,42,19,20,11,24,21,28,10,21,26,19,16,39,47,45,31,27,40,15,28,18,41,9,17,49,26,9,14,11,7,14,11,21,38,22,39,46,48,15,32,24,22,41,12,30,21,32,37,29,9,21,22,8,37,27,29,19,32,20,22,30,11,35,39,17,34,35,28,16,39,31,26,16,46,31,11,49,22,22,8,22,26,27,46,37,40,16,36,10,27,24,27,24,38,19,26,29,20,10,46,10,38,34,47,29,25,25,49,43,47,40,43,7,35,42,10,40,41,39,30,10,21,29,32,46,13,47,44,10,18,21
39,31,29,33,32,25,48,8,7,42,18,25,12,22,8,17,26,11,11,39,16,14,42,38,43,6,5,15,10,28,7,16,32,10,24,27,19,12,30,14,44,23,41,26,11,7,48,44,29,32,28,20,15,30,33,41,44,35,21,21,48,21,15,46,22,44,28,22,14,27,7,20,50,42,21,31,26,26,12,6,18,36,12,10,9,37,29,10,7,21,10,30,25,18,41,6,6,22,20,45,16,25,34,25,12,23,18,31,19,24,31,36,21,16,35,14,35,19,9,28,50,36,39,33,15,19,5,33,19,26,45,37,45,29,41,29,21,48,11,12,18,39,48,7,22,35,28,38,27,37,48,39,49,35,50,32,46,11,48,21,38,28,37,28,34,10,32,45,6,47,17,6,27,25,37,45,25,11,14,13,35,44,19,42,48,29,24,9,26,35,9,40,36,12,49,23,21,31,9,46
8,18,5,25,48,37,41,43,23,39,48,24,36,39,27,16,10,40,16,16,46,23,31,49,44,5,22,41,9,9,27,8,7,6,15,40,6,32,18,47,31,24,29,26,12,26,19,17,32,15,34,20,48,41,17,28,20,20,16,19,46,8,41,38,7,13,15,45,40,16,41,6,6,27,30,9,14,49,20,23,42,38,44,36,7,25,7,12,34,14,12,5,48,8,45,9,8,47,27,41,16,32,19,30,31,15,35,42,25,7,13,40,48,50,42,22,16,15,16,28,29,32,28,34,27,8,43,42,16,33,15,27,29,32,45,26,33,48,13,14,16,28,29,7,43,9,30,39,36,46,47,45,42,18,39,37,41,49,19,47,32,49,38,18,19,29,9,49,36,49,48,37,15,43,19,17,32,35,9,10,38,41,26,14,29,16,7,39,29,20,18,27,34,36,35,28,37,31,40,28
41,10,29,44,29,21,35,14,31,17,43,39,44,18,43,47,32,33,24,11,17,26,10,26,43,27,37,38,39,29,12,14,34,10,38,10,16,50,37,43,46,41,49,50,18,11,37,13,16,13,19,40,17,19,16,46,26,45,12,35,16,27,6,6,36,5,20,20,33,22,42,17,20,21,17,37,37,33,17,30,26,24,6,40,22,14,7,24,25,46,30,11,17,21,28,25,38,44,39,9,33,9,27,22,7,18,47,43,29,46,33,23,21,16,28,27,36,28,41,17,34,32,40,8,44,21,11,21,30,50,26,12,34,25,10,45,46,9,47,18,50,15,35,27,32,35,25,36,49,46,8,25,8,47,11,37,41,44,24,39,24,40,32,42,25,45,22,35,25,41,49,40,19,10,18,23,49,40,26,40,44,14,27,9,48,37,46,37,36,45,29,47,43,16,45,39,42,21,40,10
27,29,20,15,5,40,13,9,30,34,7,19,47,18,38,31,10,9,27,7,23,46,32,14,42,31,37,33,50,41,32,16,16,26,21,22,14,21,45,21,14,29,38,36,47,5,41,5,47,43,10,44,18,35,30,32,16,42,25,22,15,36,15,21,44,45,38,28,8,33,31,18,49,27,28,37,21,43,21,33,7,48,29,18,42,42,43,12,42,34,21,37,39,30,45,6,37,23,41,13,6,12,40,46,15,47,31,12,21,12,29,45,11,42,40,6,29,46,38,10,21,46,47,21,12,16,21,22,38,44,28,23,6,32,13,43,47,9,28,13,21,6,27,26,23,13,15,35,44,12,48,14,33,44,36,38,21,38,5,13,8,25,45,38,23,14,45,10,29,14,37,8,20,38,50,19,7,45,40,22,43,10,19,16,28,36,39,6,43,12,18,28,8,37,19,7,23,18,37,13
33,35,44,21,18,13,8,31,19,16,18,8,24,17,45,18,33,41,47,24,35,44,42,47,33,29,29,43,34,9,34,23,5,46,15,32,22,48,45,24,26,34,11,22,11,29,18,26,19,10,17,29,14,24,21,50,25,33,9,11,20,33,24,44,20,16,22,39,28,19,26,6,23,47,32,19,16,31,22,46,24,50,33,11,34,29,11,37,28,35,45,43,44,34,10,27,48,8,22,27,10,34,29,21,36,5,42,46,28,29,36,30,17,26,6,49,15,39,36,49,38,12,30,7,5,49,43,13,16,16,32,15,25,17,9,43,33,12,8,15,26,44,15,46,18,35,17,16,6,23,25,6,29,44,39,48,28,22,28,8,48,9,11,42,24,23,45,16,38,16,38,6,33,17,25,40,40,41,45,31,10,25,6,45,33,26,40,6,39,40,33,7,30,31,34,47,42,8,26,12
33,44,50,20,27,39,16,13,41,33,43,40,32,39,43,10,48,12,47,19,50,29,35,8,8,40,9,14,5,17,7,7,42,24,40,10,30,14,33,45,14,40,34,27,14,30,28,25,13,49,20,8,14,28,21,22,34,34,29,14,20,10,47,42,45,25,38,46,25,29,17,37,47,29,23,13,25,14,31,24,22,11,33,29,20,28,27,43,6,26,44,14,17,43,13,10,23,38,49,21,28,14,46,12,17,32,18,18,8,15,40,30,35,15,17,19,34,41,23,45,48,49,25,13,12,7,23,45,48,32,14,38,50,10,29,37,27,37,18,26,45,35,28,34,39,17,47,19,33,9,12,50,32,41,18,10,36,37,18,20,13,50,48,44,17,18,48,48,29,14,32,37,21,36,22,20,21,47,37,26,49,49,23,15,35,43,40,46,33,37,35,41,31,34,31,40,45,42,19,12
20,34,18,34,6,25,43,20,9,47,26,15,38,8,40,35,19,21,15,6,20,47,46,49,35,27,23,18,39,14,42,25,38,19,6,40,31,44,23,32,14,45,43,40,49,10,26,5,18,32,30,40,46,26,42,9,25,43,49,22,21,25,23,25,18,6,35,5,21,10,35,50,45,29,22,46,17,24,31,40,44,11,36,13,44,44,46,8,19,30,44,22,12,24,8,26,33,40,48,8,48,27,36,22,50,20,35,15,29,44,37,48,21,49,31,8,11,33,18,17,42,48,39,28,9,14,35,27,28,49,48,18,40,34,40,50,22,18,41,25,43,44,44,12,19,33,12,21,19,38,34,18,33,29,49,35,19,41,42,28,25,6,19,6,14,48,28,26,30,16,22,11,13,46,25,34,44,40,31,18,23,19,39,48,22,34,23,40,6,28,6,28,50,46,40,45,17,12,36,23
46,37,30,37,41,34,20,14,42,11,21,17,25,9,13,37,48,18,41,10,9,46,9,33,19,44,20,43,45,8,41,37,35,13,14,16,45,25,34,35,40,29,48,19,34,35,24,25,21,32,17,32,9,18,16,23,22,18,21,39,39,26,6,14,19,22,9,49,26,9,18,20,26,40,31,42,49,28,23,49,13,16,10,10,25,29,21,37,14,29,14,23,45,28,49,14,19,18,12,21,5,29,46,35,7,42,34,47,27,29,13,10,39,12,32,7,43,11,36,48,27,14,11,39,30,21,42,27,38,28,13,13,17,10,6,49,25,44,44,26,23,30,10,41,26,11,20,40,40,19,14,9,22,33,31,14,49,22,20,40,33,49,6,15,39,39,32,20,15,13,6,30,23,28,28,27,24,12,14,13,29,9,50,25,6,46,22,28,19,12,22,17,26,6,12,45,18,25,44,34
20,31,41,32,12,14,6,22,31,11,41,23,39,15,41,42,18,15,31,47,29,29,11,19,27,15,33,47,6,36,10,26,21,23,27,31,19,22,17,27,36,11,39,18,12,32,7,50,18,49,49,19,47,23,8,8,42,20,8,28,24,39,45,44,20,19,6,35,27,41,18,18,41,34,38,23,16,33,41,35,18,35,34,42,18,38,10,19,18,6,18,23,23,17,9,19,40,22,46,49,5,40,23,31,32,10,20,16,12,25,24,46,14,26,15,32,38,11,49,13,49,19,49,35,21,50,13,45,31,29,7,21,43,13,22,37,42,18,36,16,9,43,26,44,16,10,35,8,31,39,14,40,10,10,16,23,43,6,48,25,38,37,9,24,5,5,13,20,20,13,17,23,24,8,33,21,14,12,6,43,12,6,33,29,34,23,14,28,47,21,34,10,19,14,28,23,49,15,41,12
43,12,23,37,28,10,48,23,29,13,6,6,15,26,33,20,5,32,37,11,8,33,29,44,12,48,45,24,26,9,45,32,37,11,46,31,17,28,49,22,32,36,24,26,31,27,19,36,36,35,31,37,12,6,14,35,36,21,35,15,9,36,24,17,40,48,21,49,9,25,9,25,41,23,45,19,10,10,49,8,29,14,30,28,39,25,6,36,30,24,33,10,5,30,12,41,32,43,28,38,49,17,33,13,46,31,7,36,15,8,16,30,43,31,13,13,21,19,23,29,47,29,49,14,43,28,31,33,34,10,18,48,40,28,49,20,24,6,47,46,38,20,50,33,45,7,45,5,13,29,15,41,7,18,50,38,32,37,25,7,43,45,19,16,43,25,49,36,10,6,17,13,48,30,14,38,48,18,48,47,29,7,5,20,36,21,28,26,27,13,50,41,29,35,8,21,17,15,35,27
6,48,31,34,20,43,42,17,8,33,19,44,43,46,35,12,27,16,43,49,47,32,43,32,31,14,22,25,11,36,26,44,15,34,14,19,12,33,27,38,35,35,6,27,16,17,27,7,27,26,27,34,13,39,9,40,26,47,34,37,15,36,9,12,16,47,49,21,22,10,42,11,34,8,7,13,47,11,47,37,21,33,10,30,32,25,48,10,50,18,45,27,13,34,26,5,21,25,39,31,6,15,13,28,21,11,49,35,29,6,49,12,29,27,27,49,9,26,21,41,40,20,12,16,39,50,13,22,21,19,44,13,36,36,28,22,16,18,30,10,13,30,32,10,49,44,40,47,50,10,48,16,48,16,40,32,25,45,44,45,7,46,22,31,10,32,47,48,19,31,17,46,43,28,29,16,48,27,21,22,47,27,17,41,20,48,48,16,24,18,47,12,10,11,33,12,14,30,17,9
9,48,24,49,47,50,35,41,20,14,26,5,28,33,45,30,16,5,7,32,34,8,38,9,46,34,13,18,38,15,43,41,7,11,27,38,20,21,41,38,43,30,42,31,47,12,12,18,34,21,29,26,34,49,44,26,6,13,46,28,25,23,8,50,35,17,32,22,41,30,42,6,49,8,28,37,16,46,33,46,47,13,45,32,10,12,13,6,15,36,42,18,18,32,39,29,47,29,34,6,49,7,17,37,12,25,32,20,7,13,16,5,28,36,38,16,39,19,5,22,46,47,5,32,26,15,44,18,20,24,45,31,40,27,7,31,35,6,45,38,20,47,11,47,32,41,8,14,27,35,13,42,46,20,45,44,10,23,36,16,39,7,16,22,20,34,10,6,17,29,21,47,36,18,19,46,27,42,40,31,35,28,12,17,47,12,41,12,33,46,26,23,26,33,35,43,40,39,20,35
39,20,8,18,12,21,13,32,29,7,30,49,27,19,28,48,42,30,32,32,29,12,10,20,10,42,20,15,42,28,15,8,33,29,11,39,41,33,11,25,15,48,41,7,6,43,37,39,44,37,22,29,12,50,7,41,5,22,43,20,26,15,24,39,27,38,9,20,45,23,45,11,25,10,34,48,47,48,26,7,16,21,26,36,30,16,24,24,49,45,21,10,48,32,29,18,19,17,45,20,41,49,29,37,40,14,15,20,22,43,9,38,37,31,18,34,13,5,14,35,37,7,6,44,14,38,31,25,36,12,21,10,23,24,38,35,18,17,23,10,16,37,8,33,11,12,39,14,43,43,21,18,18,37,45,25,31,41,41,25,19,30,36,37,39,37,46,10,18,32,40,35,29,22,23,28,49,20,15,34,39,28,42,33,28,31,36,41,9,34,22,37,29,23,9,38,47,30,19,40
42,22,33,15,11,35,49,12,33,48,8,38,42,40,9,48,39,44,33,41,19,47,47,26,31,30,26,43,16,28,13,16,26,37,38,42,42,47,23,44,15,31,44,44,13,23,48,45,21,35,24,36,5,38,15,24,10,46,25,26,33,16,50,27,21,21,47,48,12,42,31,6,23,14,10,9,46,49,10,12,23,21,15,14,39,39,41,26,28,43,36,35,31,46,45,36,49,8,15,30,47,43,22,32,18,18,32,45,25,10,35,32,5,21,48,23,42,23,45,22,10,30,35,45,9,11,27,39,39,30,41,41,30,31,13,29,47,40,33,29,21,16,43,21,8,25,21,21,31,43,18,42,44,28,21,10,24,28,11,8,35,13,27,13,43,33,15,48,9,26,39,45,14,49,30,15,6,27,28,32,43,6,35,31,41,41,14,23,33,11,8,45,7,42,7,22,41,18,27,44
32,26,43,10,18,46,48,14,48,34,37,24,28,36,35,46,22,13,43,12,39,19,19,9,37,26,21,40,41,50,15,24,31,7,27,26,32,20,12,8,27,42,38,24,38,13,37,36,17,24,44,9,30,42,34,31,16,24,8,44,11,22,39,14,21,48,8,17,44,29,45,34,7,18,31,47,31,14,15,17,29,46,41,12,34,21,23,34,8,24,23,5,7,39,14,12,23,16,35,31,21,38,23,26,29,22,14,11,19,34,37,48,43,48,41,36,6,23,14,26,29,37,35,27,23,9,30,38,22,44,47,25,6,6,22,14,25,16,14,45,20,11,18,38,21,49,36,46,10,29,50,25,16,43,8,6,22,22,41,37,31,20,44,39,35,42,18,37,13,10,38,34,10,13,40,21,24,8,9,20,30,33,24,38,24,47,45,5,21,39,19,41,9,50,24,5,36,41,10,25
48,46,22,10,27,25,13,39,43,5,44,16,42,38,15,33,17,40,32,42,42,43,21,28,20,31,13,24,22,42,40,6,23,10,22,32,38,27,28,42,35,45,25,23,17,40,49,14,11,16,12,33,19,14,24,6,42,17,27,8,31,48,27,42,38,21,26,45,32,39,45,34,28,14,48,25,5,32,15,21,41,28,21,42,16,39,45,17,43,8,48,22,16,19,45,35,29,44,25,15,42,9,23,39,31,13,8,39,6,32,32,39,17,44,41,41,31,33,40,49,44,14,40,49,19,38,31,39,46,19,49,40,20,42,48,13,43,26,42,20,10,47,11,38,21,33,36,34,7,20,43,24,42,19,22,24,23,44,18,28,35,30,21,31,21,8,7,32,34,13,17,30,31,12,49,5,18,38,40,31,45,14,11,37,10,24,21,46,7,22,32,44,21,24,39,28,31,47,13,35
19,8,37,30,37,49,12,6,22,19,30,36,39,8,7,8,27,42,14,35,44,30,15,32,16,40,44,36,8,18,34,25,29,41,36,8,12,39,27,16,21,37,40,25,34,22,25,42,48,9,13,25,40,29,13,9,38,47,47,25,48,33,28,24,15,26,37,41,43,46,27,5,38,41,20,38,47,11,19,11,48,16,10,48,8,32,49,42,21,25,44,12,45,39,50,34,49,30,27,8,23,13,12,17,44,33,30,47,26,26,15,24,18,37,29,15,49,13,32,23,38,33,25,16,32,42,24,27,42,29,17,40,48,20,38,9,45,8,39,44,19,38,42,28,44,46,12,25,23,45,10,24,7,18,24,10,38,48,42,22,48,24,25,20,10,28,22,45,11,32,46,38,34,31,14,40,25,40,37,46,22,9,46,49,39,32,40,29,39,8,46,29,44,5,31,13,45,39,33,18
6,19,25,24,34,50,23,46,6,14,42,32,7,45,45,7,42,26,43,31,19,28,43,38,7,13,34,21,22,36,36,46,27,38,20,18,8,22,47,40,44,45,6,6,37,5,41,25,14,41,19,32,22,7,26,23,41,31,9,11,46,47,19,10,48,19,34,6,14,29,25,22,28,12,21,44,30,16,29,27,7,34,29,33,22,49,22,48,9,12,21,24,12,33,18,35,17,27,48,15,17,47,9,31,28,21,18,11,33,38,18,13,26,29,50,22,35,46,10,42,21,33,23,11,24,36,28,40,19,43,26,7,37,47,17,18,19,15,40,38,38,14,15,50,8,33,32,25,18,38,41,32,47,48,35,7,14,43,10,7,41,44,9,29,46,9,28,33,37,9,19,22,12,18,36,7,50,35,43,43,18,18,28,12,23,6,44,33,22,26,41,14,21,15,28,33,42,31,25,36
10,50,17,10,49,15,37,20,45,30,17,24,16,11,15,42,46,23,31,13,39,33,38,6,47,22,15,26,44,8,23,49,20,30,45,39,16,34,39,39,31,45,13,50,30,45,39,47,15,44,6,14,23,15,17,16,34,11,6,43,36,42,29,46,48,13,18,9,48,23,39,35,30,25,26,36,19,16,42,45,13,6,45,34,30,16,28,47,29,11,32,17,29,24,9,39,31,6,28,6,42,16,12,38,45,33,9,37,29,48,15,17,16,41,42,6,32,48,42,6,12,9,39,29,11,8,19,29,40,11,25,24,28,43,13,42,5,42,37,48,30,21,8,30,19,38,46,27,22,43,7,25,36,29,45,47,16,40,48,13,41,5,12,12,16,43,50,12,47,45,37,46,30,27,5,43,21,42,16,28,20,46,5,9,47,37,37,8,33,21,45,48,50,44,12,10,25,48,48,46
25,6,10,44,37,36,13,13,15,37,7,38,34,30,29,20,47,48,45,21,9,14,32,5,15,16,12,20,48,30,10,41,47,16,23,6,22,14,44,15,7,11,30,46,24,31,31,37,34,38,10,33,14,17,32,18,46,13,33,8,16,16,8,15,35,32,41,45,23,7,33,47,40,49,37,27,10,8,14,31,28,50,42,41,32,37,28,7,28,20,44,26,50,19,38,18,43,36,21,46,36,14,27,37,39,41,10,31,15,27,42,32,12,40,43,13,7,12,23,5,38,13,45,6,8,19,7,36,47,41,7,49,35,16,22,9,22,38,42,36,29,27,30,29,28,7,22,44,9,26,11,18,48,19,48,36,14,12,7,41,11,49,48,32,50,39,17,12,10,39,8,23,15,40,17,26,29,20,45,48,42,13,38,50,36,23,10,24,29,47,9,34,16,31,27,21,45,13,11,29
25,41,17,14,47,47,15,26,34,23,32,17,30,31,14,13,20,16,14,30,15,18,14,5,12,24,26,40,47,11,31,44,13,16,49,47,36,11,33,18,42,13,14,18,33,11,44,44,13,18,7,28,14,42,44,7,24,28,7,15,46,43,49,48,35,23,39,6,8,27,14,11,49,41,31,22,16,41,32,33,20,36,46,15,25,9,5,17,19,45,23,46,6,31,37,46,38,37,20,28,15,9,20,21,42,26,43,18,41,16,14,27,39,12,24,12,46,46,33,13,20,11,32,39,43,46,15,45,30,30,28,40,19,9,37,35,40,16,46,19,37,42,34,22,9,19,39,13,36,26,37,27,29,41,25,38,48,7,13,6,43,49,24,22,32,21,10,23,37,21,22,37,49,36,20,9,15,17,35,43,23,16,9,18,27,35,38,30,43,41,46,50,8,48,32,26,41,29,12,15
40,40,12,39,14,39,27,21,36,45,28,6,36,8,42,21,50,37,14,10,46,24,26,27,47,43,31,21,30,19,48,38,29,34,17,45,36,15,49,25,46,13,49,21,46,27,14,40,11,49,37,15,10,15,35,45,12,48,34,22,45,29,19,20,29,29,12,35,29,7,11,14,8,11,36,5,39,15,25,41,10,10,47,33,26,47,11,30,44,26,21,14,40,6,17,26,50,20,40,43,28,14,16,47,38,37,39,23,31,23,37,30,31,48,31,24,43,16,37,48,28,44,22,47,43,16,15,10,12,49,19,26,5,21,11,46,14,31,48,21,50,48,41,35,11,15,23,26,15,38,22,16,23,20,8,9,41,27,39,22,49,48,26,15,48,42,38,25,11,19,49,9,14,12,39,49,23,17,40,7,32,48,17,13,34,38,18,47,47,25,49,24,28,35,48,9,7,38,49,38
11,40,46,46,19,49,47,26,41,22,6,49,43,49,17,24,26,38,13,22,35,17,49,40,21,37,16,31,21,29,43,44,38,25,32,32,17,43,46,35,6,50,49,43,38,41,33,9,18,14,14,37,14,6,40,27,11,19,27,23,41,5,14,47,27,33,28,36,40,43,45,41,44,13,46,23,21,11,7,15,6,7,23,45,33,25,50,35,14,43,36,37,46,50,16,21,12,44,46,31,16,21,26,44,26,30,29,27,29,7,35,49,8,17,18,31,32,47,16,50,5,36,17,43,36,15,16,35,39,7,31,25,8,35,16,32,17,14,38,22,21,16,33,49,13,38,11,5,32,14,14,33,5,35,14,37,32,43,35,49,30,10,39,39,41,48,15,27,36,38,24,31,25,42,27,19,46,14,40,40,16,44,12,5,26,22,50,24,47,40,15,37,41,17,41,24,30,36,25,46
23,32,24,9,27,45,10,24,36,28,8,47,30,35,29,34,49,42,49,10,8,25,44,47,26,48,11,21,38,27,42,45,40,41,37,23,41,47,43,7,19,41,7,12,46,27,15,25,45,48,15,40,10,29,50,39,36,21,43,49,13,27,7,48,10,21,39,43,46,44,29,39,34,33,31,47,14,7,31,43,21,17,36,6,47,29,27,29,14,26,44,47,13,12,24,15,27,28,20,30,6,27,28,14,18,26,14,14,40,14,17,29,41,40,20,24,13,24,13,14,22,50,24,18,47,19,35,35,44,41,23,9,27,40,30,41,44,32,45,27,35,14,48,49,15,29,38,6,42,11,14,13,22,36,24,32,22,38,12,48,10,17,16,26,10,39,6,22,8,11,32,41,19,40,30,36,32,41,28,39,21,41,30,37,18,10,31,17,40,16,27,44,10,43,14,28,25,36,13,17
7,8,23,33,21,18,27,21,50,21,44,13,31,38,46,21,46,18,25,6,49,9,9,18,6,16,10,7,5,34,39,31,31,31,6,34,18,39,8,19,38,13,30,40,23,44,11,34,25,27,33,8,29,15,21,29,33,8,11,27,50,21,32,23,11,20,44,31,10,19,35,6,18,11,8,22,38,44,48,40,22,32,27,46,40,29,5,8,25,48,21,26,45,14,18,45,27,31,37,25,45,36,18,15,44,16,32,40,49,18,31,20,50,38,49,22,39,5,6,27,32,13,37,28,49,46,9,6,34,8,45,42,14,27,7,5,17,8,18,10,33,10,20,23,24,28,26,15,25,18,42,28,39,24,35,37,34,37,15,43,26,39,27,5,39,34,48,41,49,48,22,21,15,34,28,18,19,28,7,6,32,42,7,29,42,35,8,12,42,34,8,25,6,36,12,42,20,12,23,18
29,42,26,47,21,16,8,6,39,15,31,28,8,9,24,16,6,40,40,42,46,10,21,40,45,30,6,6,10,47,41,30,7,28,14,29,24,41,27,38,20,28,43,20,17,40,39,20,5,25,40,45,19,28,49,47,23,47,21,21,46,14,12,6,34,25,23,20,41,16,48,23,34,6,39,23,42,22,50,19,25,23,26,36,14,33,49,34,46,31,13,40,47,39,15,40,12,45,34,32,18,14,24,35,8,44,39,36,47,26,6,25,43,36,40,11,35,49,15,30,48,28,25,48,24,7,42,24,25,34,12,17,47,44,35,35,33,40,35,16,6,11,34,45,46,31,20,8,34,46,43,21,43,8,47,42,32,42,41,42,25,10,31,19,21,28,29,41,15,41,49,20,49,42,16,29,24,24,10,38,26,13,30,19,43,25,44,44,14,35,36,43,42,9,37,28,40,44,17,48
31,8,34,12,48,39,15,45,42,10,32,7,29,48,28,13,9,9,8,38,49,31,33,18,39,48,49,42,47,40,34,20,20,26,31,22,40,22,17,30,29,50,7,32,7,20,21,41,36,31,18,21,14,12,46,25,11,11,26,41,27,18,27,8,24,7,8,23,42,37,16,43,39,7,5,38,25,19,21,16,26,49,5,23,8,15,19,40,36,49,43,23,29,17,15,21,36,25,13,23,32,23,23,31,19,10,10,26,50,14,29,44,50,29,42,18,48,21,42,9,19,14,43,37,18,44,50,13,26,5,38,44,27,22,45,49,11,44,25,27,38,47,10,43,50,10,42,36,26,14,46,38,47,20,35,26,21,7,40,43,27,27,28,41,46,24,41,8,43,23,32,11,21,18,32,9,48,14,16,13,17,15,33,10,24,14,34,26,28,49,39,20,13,28,35,49,44,40,31,16
27,33,43,20,21,36,11,21,42,18,24,38,44,8,20,11,44,48,16,31,20,31,15,38,20,32,31,46,25,20,23,46,13,11,25,6,48,24,14,11,6,42,29,24,39,31,12,28,48,31,11,7,6,41,37,33,35,48,48,26,30,35,11,20,7,14,20,32,32,8,27,5,17,21,40,24,11,40,15,39,41,36,31,30,22,44,14,19,13,35,42,12,31,29,36,45,45,42,15,23,47,9,14,17,39,39,47,31,49,19,20,18,17,35,49,23,46,7,25,36,21,39,49,26,11,25,44,43,31,36,24,43,12,34,8,27,49,17,6,6,31,5,22,37,35,44,43,26,35,29,7,13,24,20,33,11,41,37,14,49,14,41,28,32,10,34,35,19,31,40,35,37,33,25,38,32,8,27,37,9,14,37,18,44,13,13,13,27,12,18,34,49,38,13,32,39,15,46,12,25
21,9,12,39,32,8,43,37,28,40,10,24,7,38,25,16,38,34,10,36,26,38,5,45,33,11,33,18,32,24,11,24,7,45,37,36,34,5,43,9,19,7,9,10,37,10,10,45,44,46,45,25,17,18,44,14,43,11,18,19,15,15,17,47,16,9,10,34,33,7,37,21,37,16,14,19,22,29,33,9,44,34,42,46,37,13,15,41,29,35,17,32,9,37,47,35,25,47,22,38,13,33,33,21,12,17,36,9,23,40,6,28,15,26,40,33,42,34,14,21,14,29,40,11,36,9,26,45,44,42,7,27,40,20,31,25,22,41,22,25,27,42,28,6,40,7,7,35,40,19,11,10,16,28,7,22,21,47,33,33,36,40,8,35,8,21,16,17,12,6,14,11,6,28,5,13,12,11,8,12,27,35,38,47,22,34,10,34,24,26,21,50,47,10,47,10,8,10,27,45
19,35,43,26,10,6,41,33,12,38,21,14,28,45,49,37,14,44,40,31,41,15,23,43,7,16,44,34,49,18,40,15,49,21,7,15,10,20,27,32,39,48,36,42,34,43,48,47,5,38,15,20,50,13,40,42,7,45,16,39,31,8,15,18,28,37,30,37,40,32,30,37,16,50,26,16,42,28,23,28,8,42,43,15,6,12,26,41,25,48,28,16,38,44,23,33,39,14,46,35,36,10,20,34,12,30,48,41,26,11,12,35,16,36,24,26,18,15,17,16,33,26,12,5,14,6,31,18,13,35,6,10,23,21,6,44,22,49,48,8,11,19,22,43,13,28,50,32,38,32,16,48,46,50,14,43,12,34,8,28,41,39,8,14,18,8,31,40,38,27,30,49,11,28,40,40,11,33,15,43,45,39,45,33,48,30,9,15,23,41,16,38,40,28,49,22,26,12,30,29
46,5,26,14,40,15,42,10,18,22,29,47,24,7,48,38,32,10,48,15,32,46,15,40,28,11,25,33,30,16,34,29,45,32,43,34,49,17,39,16,20,22,27,39,34,13,40,25,43,35,40,30,14,33,22,27,8,11,48,21,35,41,30,36,42,12,21,38,36,47,33,47,31,9,20,35,25,26,22,7,48,49,48,21,15,13,6,43,11,47,11,43,19,18,19,17,35,41,35,26,22,23,49,32,39,7,12,23,8,31,27,46,46,11,29,21,35,14,37,8,25,7,35,34,34,7,20,28,45,44,26,48,37,16,34,19,13,11,9,9,8,19,48,42,46,36,43,23,22,26,18,19,29,26,18,28,38,36,29,20,42,25,43,12,9,13,22,33,39,15,14,22,39,49,12,37,34,48,34,9,11,18,47,29,45,40,48,47,33,16,31,16,22,48,9,33,25,19,27,35
45,27,37,19,45,14,7,31,5,37,24,12,43,40,32,32,21,36,20,10,37,10,5,30,47,9,37,48,37,47,40,17,27,34,40,5,43,48,23,13,41,36,10,16,17,44,34,32,32,17,7,50,23,10,16,6,36,38,46,27,47,27,8,37,11,11,8,17,33,26,22,28,35,24,34,28,47,10,43,23,14,8,35,43,12,36,9,32,14,36,14,44,37,31,7,32,22,10,38,24,14,44,26,22,35,45,9,50,9,6,11,40,32,18,49,28,36,49,8,32,17,16,31,23,15,17,41,37,19,16,48,25,19,41,29,6,29,12,31,40,20,32,39,11,12,50,25,22,19,13,37,15,35,42,50,11,43,34,31,6,17,33,11,41,14,41,15,22,31,48,24,40,34,49,22,20,29,36,23,8,14,10,14,24,38,35,23,26,30,12,39,28,32,42,25,12,37,20,10,18
48,24,44,43,33,8,25,21,18,25,20,47,31,45,32,50,9,22,28,45,30,8,29,23,20,46,24,31,20,29,28,16,49,31,22,44,49,18,17,36,15,30,15,16,37,30,8,15,44,36,30,7,6,19,50,42,20,48,46,36,14,13,19,46,34,34,17,32,22,38,41,14,35,18,21,30,31,29,47,41,32,38,15,47,12,46,40,16,9,24,48,49,10,21,46,6,5,30,10,44,33,31,6,5,41,36,43,42,10,17,18,17,8,11,15,39,21,7,27,33,18,18,27,31,14,13,11,16,33,30,11,10,32,41,14,8,23,17,39,44,16,43,35,31,23,48,27,16,12,33,33,15,48,39,5,13,37,18,37,40,48,46,9,12,7,23,49,43,35,30,37,26,29,15,41,46,42,21,39,13,17,36,17,36,40,30,20,7,42,5,42,8,35,21,8,20,45,43,34,6
