29,28,10,46,29,10,29,33,35,5,26,27,7,35,20,14,17,45,17,14,39,27,30,25,15,18,14,21,47,18,37,26,32,39,9,39,28,36,32,15,21,20,7,24,21,35,25,12,36,48,30,45,29,10,7,7,31,44,47,47,7,9,30,17,13,42,46,28,8,40,46,47,11,49,36,18,38,8,8,26,43,26,15,39,38,46,39,28,23,9,8,21,7,29,34,27,44,33,25,43,37,11,15,46,26,10,46,19,12,32,13,41,9,21,29,32,10,36,29,46,30,33,26,48,26,44,6,6,42,36,6,18,35,25,19,43,10,43,43,32,28,23,46,28,45,48,28,18,40,31,37,48,19,47,36,18,47,6,21,9,47,12,30,23,42,16,15,39,49,35,28,19,24,8,25,43,34,31,10,29,20,25,11,31,44,19,43,7,39,35,46,43,49,25,8,6,11,21,26,22
41,24,34,18,10,41,22,5,31,28,40,34,43,25,5,21,26,35,14,7,26,5,27,28,32,18,41,37,20,33,46,18,46,42,13,21,28,42,49,12,45,8,47,14,39,34,22,21,18,43,37,16,7,49,50,14,33,33,24,29,33,40,20,25,37,17,8,43,48,41,22,29,46,29,32,25,16,33,8,47,7,34,13,6,41,39,27,17,13,40,45,31,27,19,6,37,20,15,40,45,27,13,31,17,40,45,40,26,24,49,26,23,15,35,22,42,21,41,30,45,7,6,6,27,10,31,21,37,48,25,6,7,35,42,22,42,9,41,30,47,10,38,40,29,35,47,14,17,22,27,45,24,17,38,48,49,38,18,8,41,25,14,36,30,31,8,9,36,44,43,27,26,37,13,16,46,41,9,25,11,18,30,35,28,9,37,14,50,21,39,49,35,28,31,5,30,6,35,35,43
21,45,38,32,26,6,30,18,28,31,6,44,22,33,26,20,37,50,46,41,18,33,23,19,44,27,17,44,15,44,44,41,38,8,9,45,20,15,35,45,32,9,44,7,8,28,33,11,18,20,45,49,20,31,44,49,47,17,46,30,37,15,20,32,7,18,22,31,22,7,43,28,42,20,7,34,41,14,14,46,8,18,44,42,41,15,30,17,15,35,32,13,47,15,23,28,22,19,37,21,32,17,21,32,27,13,22,5,7,7,25,17,20,19,26,19,32,49,27,33,46,46,37,33,34,7,35,20,31,12,50,44,30,27,10,39,13,6,14,29,24,42,16,42,31,44,40,13,37,46,31,25,14,35,29,42,14,24,39,29,19,21,11,10,13,28,42,32,11,24,30,42,47,47,25,16,7,48,49,22,27,40,19,5,33,34,27,29,31,45,44,40,16,33,41,8,39,41,18,13
7,37,6,45,43,24,22,13,39,36,29,18,13,39,27,24,41,11,38,22,40,50,36,5,46,10,13,38,36,45,11,43,13,24,37,17,6,34,44,26,23,23,12,44,8,25,46,47,8,46,29,38,36,30,48,31,30,36,48,20,13,45,45,25,14,38,17,15,35,18,8,20,15,8,26,8,21,24,13,39,23,49,40,49,35,20,18,21,42,26,7,27,32,25,13,17,32,22,10,42,15,46,10,45,46,12,11,47,36,21,49,28,19,39,29,23,25,22,21,18,24,43,42,10,12,34,30,44,21,44,11,20,37,15,20,39,38,48,25,22,31,45,25,12,22,6,12,17,41,37,41,10,31,33,18,12,30,15,20,26,35,12,49,25,23,30,17,42,40,24,15,45,29,8,47,34,35,33,46,32,45,39,34,11,15,17,25,11,29,42,7,20,10,33,41,45,31,35,7,47
42,46,14,28,13,46,24,46,42,20,33,13,29,39,17,8,14,35,45,14,6,11,35,37,48,48,17,48,24,15,37,20,10,43,14,39,28,13,39,41,43,47,24,15,21,21,45,49,45,36,26,46,7,26,9,24,13,7,31,17,49,13,39,7,50,23,25,35,7,5,30,48,36,26,33,31,17,47,29,43,30,37,42,9,6,48,48,11,47,12,23,28,38,22,37,21,21,16,33,39,25,41,19,34,29,33,8,28,43,27,21,47,15,25,23,48,24,24,32,42,46,18,5,7,25,29,20,14,27,45,7,32,47,43,14,20,13,19,21,20,28,30,35,31,47,11,42,12,46,33,19,16,46,8,45,41,40,28,42,30,6,30,47,31,10,16,36,22,14,32,45,7,32,20,13,32,10,14,40,37,7,7,49,48,34,46,28,32,31,27,33,42,14,49,44,12,36,11,19,45
18,27,24,50,17,46,48,35,37,30,37,36,24,45,5,24,38,22,18,27,28,13,43,41,17,5,15,46,22,9,41,35,25,38,12,37,47,18,41,17,16,8,37,40,9,14,7,24,16,45,40,13,24,11,33,27,35,37,29,29,13,15,34,17,33,41,13,27,27,49,20,27,30,47,27,29,14,44,24,6,7,46,44,30,35,8,12,40,39,37,47,22,29,48,44,47,41,5,18,49,8,40,36,44,45,18,22,47,41,13,45,31,30,47,49,15,22,44,40,19,36,44,21,24,23,36,27,25,40,27,11,21,39,8,28,8,32,48,10,18,23,42,45,45,28,12,20,29,40,49,46,20,46,48,44,16,44,24,31,42,26,43,16,13,13,19,42,45,36,14,50,34,34,18,21,49,31,13,27,9,46,39,16,9,32,6,18,14,11,16,41,15,38,46,43,46,35,46,8,42
40,11,16,9,38,13,15,16,8,37,25,44,44,45,50,23,49,25,32,19,12,22,9,37,31,18,19,46,6,46,6,34,17,47,10,50,26,29,9,22,34,22,27,5,19,32,7,14,30,15,29,32,41,17,29,30,22,33,12,14,47,48,47,32,24,50,41,36,47,14,37,24,36,13,27,8,32,30,47,48,20,35,7,8,15,47,8,7,19,44,8,47,49,41,42,42,18,39,25,11,16,24,43,20,9,7,14,41,36,7,20,49,47,18,14,24,22,25,19,16,50,13,14,30,15,50,29,20,34,29,41,50,23,38,14,20,31,28,6,34,40,40,38,40,24,41,35,49,41,26,41,40,11,44,13,5,18,39,45,50,28,22,23,37,7,42,16,41,9,12,8,12,22,36,14,8,12,22,19,18,46,21,22,49,49,10,43,26,27,40,18,32,35,11,49,24,15,14,47,43
48,33,32,27,29,30,27,36,28,47,23,48,35,13,23,6,44,32,10,48,18,8,45,43,7,7,24,45,24,16,14,49,15,9,34,42,28,26,24,33,25,26,15,48,41,13,20,33,35,49,27,12,44,10,48,28,29,9,47,33,23,13,50,40,38,19,8,16,38,35,48,34,41,18,28,35,23,35,45,9,19,29,7,36,10,21,15,17,24,9,16,44,24,16,12,12,15,36,26,18,27,19,46,13,49,48,34,5,31,46,18,10,42,41,33,32,14,30,9,38,8,8,22,23,20,39,45,39,27,29,45,41,34,16,24,5,14,37,34,31,15,36,42,37,46,34,44,36,39,21,21,36,36,50,7,35,9,16,44,33,37,44,14,25,44,18,25,13,39,8,32,40,32,24,24,43,8,15,26,12,46,13,13,43,37,23,38,11,5,43,41,47,31,30,28,40,45,20,18,48
50,21,24,21,19,12,33,16,43,19,45,43,13,40,20,24,26,31,32,11,48,13,48,35,48,32,11,25,42,31,44,8,12,30,44,37,31,39,13,15,44,8,33,46,39,20,46,5,28,49,43,46,45,11,29,6,39,6,43,43,36,37,20,10,26,28,11,16,5,36,41,40,48,40,45,14,18,23,21,14,27,32,29,26,9,29,31,9,32,24,17,30,35,22,17,43,7,15,36,41,18,49,20,17,34,48,26,40,9,24,39,34,48,23,26,21,46,18,33,20,35,23,47,21,46,24,14,33,13,38,37,13,43,18,32,5,17,39,49,49,29,35,17,20,37,16,48,50,18,44,33,11,34,10,25,37,40,8,21,29,17,26,33,22,8,31,41,10,40,35,15,32,36,6,46,25,49,37,24,12,36,18,33,36,9,10,43,44,14,25,30,35,15,14,11,6,32,34,15,44
37,45,42,7,32,42,43,44,23,12,21,42,39,30,16,47,46,21,12,43,30,17,6,43,28,26,10,43,25,33,28,9,15,42,9,48,28,28,26,32,47,12,18,17,10,29,41,25,40,28,7,25,50,28,22,16,28,14,44,46,48,38,38,39,24,10,7,6,11,23,46,48,45,46,19,44,6,43,8,26,25,40,6,31,36,29,38,44,7,48,25,25,27,9,48,24,45,13,28,8,43,20,41,35,31,44,49,36,15,25,35,5,48,35,12,24,33,43,28,16,10,41,5,16,20,49,16,33,16,43,14,31,22,18,44,38,48,47,26,37,16,27,39,33,32,46,25,7,22,17,21,37,10,39,26,43,31,17,46,31,41,41,42,21,42,33,32,30,10,18,38,20,35,8,11,28,24,32,14,47,36,9,37,45,32,39,44,24,43,9,27,17,41,31,22,11,47,17,34,50
37,33,22,19,14,41,27,38,48,21,26,22,36,25,21,9,19,36,30,30,18,22,18,30,17,49,16,38,28,8,18,44,36,12,18,13,46,38,37,31,30,17,29,7,6,43,42,39,45,9,24,37,18,15,12,20,49,28,11,33,43,24,46,13,9,34,20,43,41,13,43,7,29,25,6,44,45,22,36,21,17,32,29,26,49,50,47,19,12,40,21,33,24,37,18,11,44,49,23,49,44,49,23,48,42,44,16,38,39,9,14,36,32,40,46,28,46,44,14,21,39,24,24,42,49,43,16,41,16,49,20,45,16,9,47,38,40,6,16,5,19,19,23,39,49,24,43,44,22,34,43,23,12,37,50,8,47,47,28,35,30,36,47,6,43,14,35,24,31,44,15,27,39,27,21,42,45,42,8,9,13,9,34,29,14,40,20,18,27,11,26,48,10,49,13,38,23,48,33,22
17,33,41,31,27,22,28,30,24,35,27,25,40,40,24,49,19,6,28,11,10,33,42,21,39,8,9,19,21,47,45,49,35,12,39,48,16,21,30,49,17,17,14,42,13,45,34,39,41,46,39,39,21,41,39,49,22,32,23,22,42,27,17,44,6,17,44,41,13,35,12,43,31,18,18,37,7,47,23,41,50,21,45,14,8,31,13,41,8,18,12,40,31,49,40,33,22,14,11,27,39,23,29,47,43,28,16,25,14,48,45,19,25,35,10,15,35,9,42,17,24,42,32,12,33,27,31,15,18,13,11,40,24,8,43,9,21,9,25,32,47,49,25,45,27,16,9,15,14,19,30,21,30,6,32,26,35,16,49,26,19,20,14,29,41,31,36,41,23,33,32,6,13,26,5,23,50,20,49,30,9,37,35,37,13,18,42,29,34,42,33,32,9,20,19,48,38,47,31,17
36,37,8,48,39,17,22,20,10,24,35,28,43,30,43,29,25,21,8,23,26,9,43,34,42,12,27,42,13,17,32,49,28,12,37,26,47,24,23,9,42,21,26,28,25,5,10,47,33,41,38,19,37,43,5,26,16,32,6,35,36,18,19,22,13,24,41,48,25,48,21,36,47,45,40,8,42,24,46,32,16,9,21,8,37,38,29,30,37,27,35,16,46,33,15,31,21,50,13,18,14,7,30,30,30,30,33,40,27,8,36,35,15,39,12,26,39,25,25,16,45,23,17,32,17,49,22,35,49,21,24,25,22,10,7,40,34,47,40,10,11,48,16,8,39,7,5,34,26,26,8,35,16,21,40,46,6,15,18,33,35,17,8,25,29,12,35,40,15,35,10,41,14,19,29,8,38,19,34,36,18,45,11,36,45,7,44,34,8,36,36,19,9,16,38,23,12,13,38,14
5,12,48,49,27,30,42,33,11,10,39,49,45,24,30,40,11,12,24,37,28,20,34,30,35,47,9,37,6,24,26,32,44,32,30,20,40,46,44,39,15,41,48,38,50,16,48,26,32,27,48,28,15,31,32,45,16,25,27,10,14,34,21,16,13,31,41,32,14,48,36,43,14,33,17,9,26,46,44,40,31,22,42,23,50,43,44,15,28,39,6,8,33,17,42,26,21,23,19,39,37,26,50,50,17,42,33,41,15,35,11,33,17,25,21,27,45,8,45,30,24,50,31,35,9,12,6,25,45,34,39,31,36,18,12,49,12,45,40,21,11,20,21,24,25,24,26,49,41,27,39,19,39,11,49,31,9,36,10,43,26,40,17,21,19,20,23,20,28,27,26,21,41,42,15,44,20,27,20,10,17,8,24,13,16,8,22,31,9,6,6,49,49,17,9,10,45,38,11,6
34,10,35,36,20,6,7,38,31,38,15,24,41,18,24,18,29,26,13,45,26,14,17,39,31,45,33,20,32,36,12,28,27,14,40,42,5,47,10,30,14,36,35,43,26,43,28,49,18,32,16,24,49,22,38,36,31,49,15,12,19,35,36,13,45,39,47,48,34,23,48,6,48,24,43,33,39,33,46,28,24,11,27,30,6,30,35,31,26,16,36,15,17,12,12,21,25,22,39,47,36,9,45,39,21,33,22,6,28,12,6,5,6,36,31,19,32,14,18,5,15,9,27,34,38,14,39,30,12,43,34,38,16,20,18,49,13,26,19,24,21,28,27,43,20,50,25,43,10,40,21,34,32,12,24,31,34,28,12,21,31,49,37,26,9,25,48,16,37,31,16,39,14,31,31,13,8,29,15,46,11,9,37,15,7,49,20,9,32,7,31,8,21,35,46,24,26,19,38,41
38,36,31,23,36,45,43,23,32,47,20,36,8,34,27,49,48,47,50,11,45,44,25,38,7,46,38,19,21,18,26,41,30,13,23,47,41,35,12,6,44,12,23,22,23,18,12,23,24,6,19,18,6,43,33,10,30,32,29,25,26,17,8,38,45,8,20,46,47,27,16,28,45,16,48,24,25,33,32,16,17,32,40,21,25,39,33,13,12,24,27,39,12,26,6,14,30,16,15,27,14,49,47,18,9,40,31,13,30,19,33,46,30,41,44,16,49,39,10,10,42,39,31,22,12,41,15,38,31,22,24,46,48,9,28,34,27,24,32,13,19,37,11,42,46,18,23,31,16,21,21,11,32,42,24,49,46,9,13,48,49,18,13,24,33,23,26,7,47,22,33,16,16,24,47,19,26,34,30,37,14,34,32,7,30,21,34,13,20,40,38,44,37,33,45,20,45,9,30,43
43,12,8,48,9,37,42,15,33,40,46,35,41,46,42,35,32,12,49,37,47,42,24,15,27,46,43,18,21,45,22,19,29,11,30,31,37,48,17,5,15,21,9,32,20,37,30,31,32,46,35,44,22,50,9,40,21,29,6,23,39,10,25,16,15,11,44,8,24,47,41,19,26,31,11,7,24,23,35,10,19,7,42,40,43,10,18,47,41,33,24,26,31,39,33,33,43,43,41,40,47,31,31,27,11,29,37,35,37,20,11,25,35,45,22,10,43,22,23,15,48,44,30,39,19,10,43,18,21,34,35,27,27,48,17,13,21,21,23,43,6,47,41,45,14,20,32,32,17,43,13,38,33,45,42,47,15,17,44,11,42,19,35,30,34,14,24,50,19,40,32,11,16,44,47,9,15,8,8,20,17,30,20,35,44,18,38,23,32,16,26,25,50,24,18,14,46,22,12,23
19,16,26,17,21,44,29,11,36,29,35,28,49,25,19,32,7,19,11,20,33,31,48,18,10,13,18,29,48,15,14,8,48,6,8,46,9,28,18,13,26,11,21,30,44,18,36,47,16,41,29,9,40,49,26,44,29,16,14,28,19,13,12,19,47,32,34,7,22,26,45,40,43,37,17,7,6,18,21,5,8,46,46,9,24,6,6,27,15,20,41,6,32,27,46,33,19,42,26,34,9,26,49,13,32,41,5,7,40,35,49,16,14,15,33,10,9,17,48,5,9,20,37,22,21,45,46,32,27,34,11,28,41,31,22,46,40,6,31,48,14,14,27,19,35,13,43,40,6,43,32,19,48,14,45,39,6,30,32,31,28,39,19,47,40,50,47,38,43,15,16,26,36,30,37,42,28,30,26,27,37,22,33,13,15,19,7,48,45,50,6,8,27,38,44,27,39,10,49,33
37,23,49,17,46,26,39,7,38,11,22,36,36,49,37,27,27,35,30,9,45,48,16,11,16,26,21,5,19,30,38,9,36,45,9,39,31,28,27,43,14,42,29,44,9,16,23,42,35,37,17,16,20,10,31,16,44,16,20,19,26,8,10,11,47,35,22,46,23,43,23,27,28,18,14,16,24,8,23,29,38,42,20,21,40,9,47,23,9,25,10,12,41,10,36,17,42,34,48,37,12,16,26,44,24,27,9,7,33,6,34,47,20,22,33,33,22,19,23,34,9,40,32,42,11,20,22,43,43,18,24,5,25,34,49,45,46,16,34,18,42,15,17,39,38,45,37,35,17,11,41,39,10,26,24,46,45,38,17,10,40,24,37,31,11,14,30,49,10,43,44,32,44,28,31,29,37,8,44,47,11,34,21,15,41,20,44,10,7,44,45,15,17,30,46,20,48,16,6,30
50,22,14,28,40,28,19,31,18,28,31,23,14,43,13,6,42,39,16,38,9,24,48,21,32,46,31,24,36,39,22,40,21,40,12,23,34,47,20,17,46,49,31,32,21,12,20,48,8,23,44,11,15,36,9,24,23,29,40,7,31,29,45,48,49,28,48,25,6,28,38,17,34,38,15,37,12,36,14,11,28,14,19,45,22,46,10,45,7,20,47,37,33,24,9,27,19,26,14,17,29,32,48,8,33,42,33,19,22,12,26,33,8,48,13,6,19,29,37,15,20,47,24,12,22,46,26,42,12,41,23,31,19,47,22,11,12,10,43,33,13,44,25,21,8,30,17,17,19,44,29,26,16,44,44,13,36,27,16,50,7,20,45,15,26,13,27,48,48,13,39,33,35,9,37,29,25,9,13,6,20,17,31,47,36,44,29,39,16,31,34,23,31,22,15,14,42,33,13,29
29,33,10,31,21,38,22,21,34,15,49,34,47,27,30,43,6,49,29,43,26,22,19,30,39,10,39,12,38,10,40,30,15,12,36,30,31,35,20,10,18,49,12,35,33,24,20,35,7,18,47,15,40,10,32,29,15,44,10,33,13,9,21,11,45,41,13,12,24,44,35,16,10,13,37,7,35,19,40,32,37,11,38,22,23,38,8,45,17,34,32,11,37,28,9,49,24,21,44,12,49,11,23,8,49,32,37,6,15,46,7,42,24,37,41,40,24,47,44,32,36,8,39,41,16,34,28,35,49,49,27,31,30,32,46,18,21,23,45,17,22,45,44,44,44,28,12,26,18,44,14,43,44,12,8,15,11,23,32,46,40,26,41,6,12,13,26,48,50,39,24,40,11,18,17,25,30,48,26,46,41,47,48,36,21,43,18,44,29,11,24,50,29,15,31,34,18,38,33,40
17,35,44,10,13,34,21,11,45,23,9,12,23,50,46,16,49,11,43,22,30,45,43,17,38,24,9,9,9,12,14,47,22,18,46,31,49,35,38,34,14,13,42,39,37,50,39,38,27,31,24,17,12,27,43,40,20,30,49,48,39,25,7,39,21,38,38,32,47,21,41,26,17,27,40,13,31,27,15,9,18,15,26,6,20,7,14,42,26,30,22,37,49,43,16,29,22,31,36,41,14,39,44,15,11,41,14,20,40,8,19,7,46,38,29,6,31,24,40,26,31,22,30,42,48,44,44,11,21,24,48,28,23,14,6,34,17,41,18,32,15,6,38,34,25,15,8,20,48,31,6,39,27,29,42,46,21,42,49,35,41,34,19,5,16,43,42,49,39,34,7,15,23,17,39,32,40,13,47,23,7,24,19,49,20,32,29,9,35,9,41,8,33,9,26,15,38,19,48,31
41,36,33,27,12,50,46,25,27,36,23,38,15,47,48,49,50,39,23,7,46,20,28,24,35,38,15,16,32,20,27,35,24,24,38,31,33,18,20,40,37,23,12,35,6,31,39,33,31,47,6,30,26,27,27,6,18,10,46,9,45,30,5,6,47,29,12,37,24,34,30,46,30,14,40,13,32,44,35,19,35,19,21,13,32,23,25,46,35,16,14,42,23,49,34,37,19,41,47,18,12,48,42,42,8,37,13,16,27,32,39,28,17,37,12,44,39,41,28,38,6,7,35,50,11,41,43,7,23,9,44,16,47,41,47,49,12,47,19,23,44,19,26,27,45,12,24,22,31,19,23,25,6,6,23,21,16,17,47,35,11,37,22,33,49,31,44,6,33,12,34,34,49,42,29,32,45,39,48,15,43,19,13,11,36,33,47,36,39,22,27,38,32,50,39,20,21,28,17,32
9,48,41,5,32,36,41,12,40,21,45,33,27,50,10,36,5,21,5,21,38,32,48,36,45,20,38,45,40,20,32,23,23,41,8,11,22,37,44,39,47,23,38,26,26,50,32,27,6,40,17,11,20,5,33,6,8,11,8,9,8,20,7,13,32,42,6,5,31,33,28,20,12,18,10,33,44,43,18,7,12,36,36,15,46,17,38,24,21,46,21,50,44,20,15,46,11,19,17,46,37,27,14,7,36,14,19,16,44,28,44,26,46,45,38,47,26,15,12,16,19,43,35,44,42,6,16,46,36,23,15,9,35,11,29,12,42,11,31,23,11,23,16,36,30,12,16,40,20,40,33,11,46,17,22,22,19,19,20,48,34,16,37,43,13,36,37,45,25,29,38,24,30,9,47,15,19,18,9,28,37,21,26,22,28,22,28,24,26,7,16,20,48,45,46,49,50,9,25,40
43,22,38,30,30,9,47,13,28,12,42,28,28,31,23,9,38,17,14,20,21,22,8,19,12,29,37,9,13,20,20,5,48,36,17,47,28,30,32,10,36,20,34,30,31,10,7,45,26,45,32,9,29,11,26,20,45,38,6,15,8,12,30,48,14,50,15,44,21,47,35,35,45,42,31,46,6,5,21,23,12,23,34,30,42,24,35,35,9,34,48,44,41,11,28,12,24,13,37,41,26,19,40,8,13,41,35,29,28,18,18,24,34,44,22,27,17,46,24,39,38,10,23,23,26,43,40,41,15,14,32,17,23,48,7,30,19,7,35,44,32,12,44,16,31,37,48,10,17,45,19,46,34,35,22,32,5,22,27,28,12,29,10,35,37,43,23,47,16,12,46,23,37,47,25,40,40,21,39,36,29,24,20,33,13,46,20,48,9,32,19,46,19,15,48,49,35,12,48,10
28,11,32,26,29,15,43,11,14,23,8,42,29,50,35,7,39,31,15,46,34,48,37,20,45,13,44,22,11,31,33,22,49,48,15,28,15,14,11,10,12,6,43,32,46,24,25,17,15,22,15,31,33,34,6,27,26,35,44,5,40,23,15,19,5,17,44,10,34,14,16,14,7,16,25,31,25,7,42,35,33,46,19,30,14,33,8,41,30,8,28,28,27,29,26,7,49,36,37,26,45,25,42,39,42,32,22,11,47,19,40,49,8,15,33,6,22,16,11,31,33,5,35,10,14,41,26,17,9,43,48,11,49,35,44,14,15,33,41,14,9,36,22,40,41,15,24,25,18,45,26,33,16,16,48,17,43,25,13,23,15,5,22,48,13,47,45,33,30,5,40,32,12,21,44,30,27,24,14,43,33,43,10,16,26,19,25,40,8,31,22,22,20,45,49,39,43,42,35,13
6,15,50,31,14,45,32,23,32,28,46,14,42,29,22,29,31,8,32,28,14,17,38,34,42,22,27,25,41,8,21,45,29,24,8,44,37,30,38,33,32,34,9,22,14,13,30,28,39,43,43,6,14,12,34,18,18,48,41,8,49,36,18,28,35,43,30,26,11,17,25,11,33,31,29,41,47,37,40,18,42,8,21,44,15,47,17,45,6,5,49,16,34,24,9,10,26,49,20,14,39,37,48,34,31,23,45,26,42,50,16,46,33,50,32,6,46,24,23,8,13,13,12,23,33,13,39,12,25,19,40,36,44,7,45,49,8,29,37,24,13,47,27,31,25,32,31,27,28,17,18,42,7,31,17,35,9,15,24,11,30,36,27,39,34,32,34,14,42,5,14,38,43,26,41,12,41,45,12,5,46,28,46,17,27,18,13,18,43,20,44,26,36,18,42,31,22,24,26,45
16,24,30,39,42,15,30,18,36,9,24,8,18,18,36,24,27,11,43,16,25,36,46,33,25,50,20,35,37,11,9,21,27,20,15,9,14,16,14,22,34,27,20,32,50,42,37,8,38,26,11,27,43,41,14,40,36,27,15,24,27,36,10,30,36,40,6,41,20,46,28,44,45,17,5,32,5,43,27,47,24,39,47,13,49,18,46,25,28,9,25,27,49,6,40,33,32,9,29,14,18,11,22,7,16,14,22,22,28,33,28,40,25,9,18,15,39,49,8,37,36,8,24,24,20,38,10,45,19,23,19,28,45,41,42,48,13,41,12,45,33,16,10,7,27,35,32,49,37,34,34,9,27,9,11,16,22,14,25,45,9,49,7,45,25,14,31,40,37,16,21,35,9,15,21,6,10,49,38,43,8,7,6,23,49,40,20,16,47,37,14,12,37,39,50,33,44,34,48,28
45,40,35,32,34,35,17,36,39,44,5,30,9,8,27,32,32,42,38,39,35,33,42,11,16,28,24,15,20,42,26,47,17,41,26,21,9,29,28,15,50,11,40,20,29,40,31,8,35,7,39,8,10,7,5,26,7,46,7,42,12,22,40,7,12,11,16,14,34,37,17,6,49,32,39,45,41,5,16,12,20,35,48,12,48,34,34,36,26,18,20,11,28,11,17,27,42,46,31,22,25,41,27,35,47,40,38,44,31,30,43,18,14,48,42,31,7,26,47,11,11,39,23,7,27,10,11,10,8,30,22,41,27,16,12,38,7,17,26,45,11,30,30,26,32,28,21,10,30,29,43,40,29,10,43,37,22,47,28,44,36,18,28,29,11,42,45,19,22,49,7,48,35,20,27,31,47,36,37,47,17,15,31,36,7,25,12,42,30,22,40,36,48,48,11,35,44,24,8,22
10,9,22,18,49,39,25,45,48,28,24,7,30,45,24,33,37,49,47,22,27,20,24,19,19,42,40,42,16,39,23,39,45,11,23,36,36,24,12,11,25,9,7,5,6,34,27,47,9,18,49,35,17,42,23,24,18,29,48,18,20,11,42,28,14,50,40,44,50,50,5,19,49,7,19,31,47,36,18,47,44,35,37,33,15,13,33,40,37,37,28,12,15,15,22,31,22,27,24,24,35,44,44,23,18,28,37,41,47,18,45,48,30,50,14,32,14,34,41,46,10,40,30,48,48,18,44,33,43,10,6,45,13,42,19,45,48,45,26,15,6,35,36,7,12,19,43,11,46,42,41,46,45,23,39,38,48,16,10,8,46,25,12,16,21,28,33,22,44,11,21,20,32,37,20,9,10,31,40,7,30,9,9,40,9,30,47,35,16,45,24,23,6,31,17,14,31,33,31,35
43,17,49,33,18,39,24,21,11,22,24,34,26,19,42,32,11,25,11,35,43,9,43,9,20,19,22,45,49,50,29,38,12,32,29,32,26,31,16,44,26,19,48,40,14,19,38,40,21,26,44,27,43,42,50,9,23,47,14,15,46,35,40,42,5,17,46,17,30,9,45,49,27,24,33,14,43,39,42,37,14,24,23,20,17,27,17,49,40,31,29,47,26,20,20,39,21,35,21,28,34,46,12,30,39,25,41,13,42,46,26,44,30,19,29,6,16,19,38,41,38,8,30,34,10,29,26,46,9,41,5,7,29,48,38,48,30,24,34,48,30,16,13,12,44,27,44,47,48,37,42,12,48,6,17,30,25,29,23,23,19,43,49,10,7,11,11,39,35,12,46,48,10,19,50,31,20,32,29,27,43,25,47,23,24,47,25,43,36,7,14,16,25,7,8,42,11,10,22,34
23,6,37,5,46,42,6,41,22,11,38,14,46,23,23,9,13,14,50,40,34,21,5,9,32,45,12,8,20,22,47,6,42,22,31,12,30,16,44,36,24,27,29,33,32,43,47,48,8,35,7,28,16,35,9,32,46,49,10,13,48,42,35,18,15,34,8,11,25,29,33,19,8,46,9,45,30,39,40,12,35,41,49,42,35,5,19,38,36,12,49,11,20,39,32,40,35,42,49,18,43,40,8,34,12,7,14,34,18,27,25,34,14,48,9,8,49,12,22,16,46,7,27,37,23,18,31,31,32,41,40,15,17,48,25,30,25,47,30,6,42,41,13,19,31,26,18,39,45,35,21,47,20,28,8,46,14,26,7,37,33,21,25,7,40,40,26,7,16,11,32,45,28,40,35,21,37,38,44,25,6,49,18,37,21,48,26,39,41,16,35,20,42,11,7,38,6,20,14,30
39,37,39,45,39,29,39,6,21,33,33,8,11,42,27,34,22,6,38,26,33,22,8,49,38,46,37,27,6,46,43,36,26,19,18,29,19,28,25,22,28,9,36,29,34,19,22,13,37,15,14,33,22,10,17,44,6,33,25,48,17,19,8,23,17,11,35,15,32,9,28,37,7,21,37,7,7,47,10,18,8,19,34,31,30,47,15,29,25,15,29,41,14,32,34,47,28,22,26,31,18,34,39,43,22,38,33,35,44,30,46,42,46,33,38,41,21,20,8,33,44,18,27,21,20,17,35,32,49,9,21,49,23,33,29,17,32,25,48,41,17,23,48,7,28,9,41,29,21,21,15,47,23,25,49,18,25,17,48,48,19,23,7,41,39,27,9,49,48,22,41,11,23,41,20,26,9,21,18,6,42,13,19,45,34,15,28,32,19,29,43,9,7,13,8,24,7,29,37,26
43,29,42,9,35,15,50,34,34,38,15,32,34,32,17,46,44,7,19,15,44,28,29,44,6,42,25,42,6,5,20,41,23,47,6,13,8,33,8,13,21,7,19,29,42,16,42,48,8,17,25,13,40,16,20,42,11,34,13,33,30,47,8,30,9,38,13,41,45,40,39,49,9,50,41,16,11,6,16,24,49,42,6,39,7,32,13,27,48,44,44,21,27,26,42,9,16,11,36,43,16,36,24,9,50,10,30,30,32,18,13,16,31,41,22,25,5,38,34,32,35,14,30,14,31,47,11,10,41,31,38,22,33,49,16,46,39,6,25,11,12,29,23,31,34,27,10,38,6,25,23,11,34,10,45,43,17,33,27,37,31,26,8,34,47,23,5,8,8,42,35,50,7,46,48,22,32,18,8,42,7,16,31,44,10,35,43,15,46,26,26,17,49,30,7,16,31,49,32,31
34,48,27,21,15,20,34,25,20,33,27,13,38,12,13,48,13,46,45,50,19,45,24,6,17,50,22,26,25,41,41,43,5,26,37,38,29,39,36,28,38,39,24,23,27,46,31,47,41,16,27,48,23,34,17,43,27,26,37,22,48,34,42,28,18,25,5,7,17,42,34,33,25,21,43,41,29,17,10,25,6,26,31,27,6,36,10,25,47,36,14,18,12,41,21,13,35,31,9,28,34,9,41,19,12,29,7,16,29,42,38,41,37,44,37,50,9,6,21,47,32,40,38,26,6,48,24,18,35,7,40,41,10,49,41,23,45,26,32,36,49,10,50,40,46,30,31,10,48,40,21,36,32,37,50,48,29,27,29,16,27,8,8,30,32,8,46,24,19,9,16,48,32,44,8,49,43,29,10,7,11,15,40,11,10,31,11,41,33,50,49,23,10,43,39,42,13,10,23,31
15,44,26,12,6,21,21,10,23,36,27,7,16,25,23,46,49,44,25,30,6,37,27,10,46,34,29,24,29,10,35,41,7,31,13,38,13,27,9,22,16,32,17,18,21,14,21,20,8,18,49,42,49,9,24,12,10,28,25,50,8,48,8,27,39,29,22,45,38,8,47,44,43,47,12,35,32,39,28,26,30,41,22,29,32,48,23,19,8,29,25,25,23,49,6,21,16,35,32,10,45,31,12,50,33,37,39,22,32,43,27,18,47,28,27,49,6,30,38,17,49,47,23,29,44,18,30,33,35,12,19,6,7,29,35,10,35,12,24,17,44,44,46,41,18,7,41,41,43,29,30,41,41,35,27,21,6,5,27,23,19,20,40,30,33,10,6,41,49,47,10,14,41,25,16,17,34,15,33,38,14,48,37,30,42,33,32,14,20,9,36,44,28,21,34,28,29,10,12,24
29,16,8,45,15,46,16,38,13,38,6,37,36,24,5,15,13,13,26,9,44,38,48,15,35,15,37,7,31,45,26,16,13,25,40,38,32,9,39,14,7,30,15,44,22,31,26,7,48,39,16,49,9,47,23,44,43,20,50,21,45,29,18,28,16,16,28,20,24,44,11,20,13,16,49,32,40,11,36,46,19,39,50,25,31,34,15,28,49,45,21,15,22,23,33,22,9,8,14,18,31,26,23,15,38,38,7,46,42,22,32,28,13,47,15,15,8,11,9,19,48,21,14,26,32,41,46,21,8,8,23,35,16,25,11,33,32,31,6,13,29,11,40,6,14,40,31,39,5,8,45,11,18,35,14,16,37,8,36,20,7,18,18,10,27,24,30,35,14,43,46,9,44,20,30,10,20,13,32,37,14,43,31,22,39,7,45,48,32,11,17,43,9,13,16,9,6,16,31,14
10,47,29,30,14,6,36,36,39,30,46,21,46,23,21,41,46,47,38,28,48,35,19,11,8,21,25,28,19,34,10,21,35,10,50,44,35,34,33,30,40,9,10,24,14,14,49,31,48,26,37,24,22,37,45,25,24,35,41,21,49,37,12,43,29,43,23,29,48,7,43,13,49,11,46,14,11,24,48,42,30,18,6,44,11,38,47,8,26,25,29,22,30,42,33,43,28,49,23,48,23,44,28,11,28,17,50,15,43,6,29,46,13,22,20,48,26,43,19,45,30,29,7,29,22,21,7,34,35,9,15,49,31,16,24,19,22,33,14,13,15,13,18,48,23,24,21,44,41,19,41,9,23,42,30,32,22,47,39,46,45,42,13,27,18,12,12,11,30,9,12,36,24,16,20,21,12,29,30,46,35,14,48,45,9,10,19,13,47,37,16,32,17,24,37,16,21,41,41,17
8,42,43,49,49,39,23,10,41,30,24,15,47,21,24,30,44,33,25,42,15,14,44,13,22,14,19,35,34,14,26,13,42,44,46,14,42,49,48,15,30,23,50,21,38,21,19,33,20,37,27,46,22,34,7,43,46,42,32,36,39,44,22,32,11,35,42,19,47,29,23,7,30,37,11,9,12,24,40,17,32,37,31,25,44,15,6,7,10,19,45,39,19,34,23,19,30,17,48,20,20,46,12,39,26,15,42,39,7,7,39,11,21,10,20,42,26,7,38,13,32,48,20,26,16,20,46,38,45,35,35,9,25,48,24,38,20,48,21,22,14,26,40,42,49,24,11,33,43,47,34,45,13,25,20,22,46,25,49,20,8,39,35,5,45,47,16,26,19,26,47,38,47,16,45,26,47,20,7,10,41,49,16,32,6,33,33,36,22,26,24,41,25,20,47,14,42,36,23,49
12,38,9,31,39,22,21,49,32,43,10,24,19,41,21,37,26,8,6,14,29,48,7,40,7,24,21,20,30,23,46,5,29,25,39,36,41,50,24,10,12,22,25,11,47,16,13,7,30,29,35,36,12,30,41,44,32,20,17,35,15,18,27,41,37,24,12,9,27,34,16,8,37,29,9,6,18,35,32,47,48,12,24,44,28,49,30,32,32,31,8,22,44,43,12,35,31,29,42,46,29,50,19,28,8,21,39,35,30,28,21,31,20,10,32,41,46,12,20,18,24,24,26,43,44,39,11,40,24,10,41,26,44,13,16,16,44,7,32,24,47,39,29,47,17,26,29,27,15,14,8,15,6,37,43,17,41,39,14,42,31,16,14,29,23,24,49,19,41,31,47,49,22,47,15,8,39,41,29,7,7,22,41,26,50,49,40,47,10,8,25,36,27,35,44,15,15,27,47,24
20,31,21,7,42,18,49,17,39,26,25,7,12,41,20,37,9,9,35,27,6,18,34,10,47,9,38,22,18,38,26,22,49,40,35,8,46,22,35,31,38,13,11,24,8,20,31,26,44,37,44,35,17,49,39,9,33,29,13,17,44,48,31,21,18,34,35,24,29,32,14,38,10,33,26,32,44,50,11,18,14,17,43,38,37,47,32,14,33,50,39,16,43,32,22,21,10,38,42,12,12,42,28,38,19,14,13,27,29,45,48,26,26,22,45,36,36,30,43,20,45,48,40,49,47,20,44,13,32,9,33,49,38,46,36,26,40,48,31,48,33,24,25,50,36,14,34,22,34,22,46,10,47,43,8,32,28,29,39,25,36,12,19,31,43,22,49,6,41,24,34,18,28,39,39,37,13,8,12,6,5,8,45,36,37,21,38,34,29,33,27,42,44,29,28,39,21,45,50,35
45,17,36,49,40,5,23,33,35,25,8,38,31,12,18,35,13,32,23,50,26,39,46,8,38,23,42,22,17,27,41,14,47,48,41,38,28,28,40,10,39,25,34,9,15,26,6,34,24,28,47,38,40,9,10,6,47,44,46,24,21,49,38,25,13,39,33,12,37,45,18,34,27,24,14,16,12,16,32,17,12,39,49,15,41,26,26,18,15,43,37,32,28,20,36,50,27,8,49,27,25,28,29,32,7,10,36,17,38,42,24,11,49,49,49,32,8,26,22,42,15,46,22,11,12,46,16,31,8,46,24,22,15,31,17,48,13,14,31,39,27,8,20,45,30,38,26,16,31,9,47,40,27,27,23,33,10,46,34,12,49,29,41,13,28,32,5,9,25,45,29,19,43,43,43,44,31,26,25,38,35,9,36,13,33,14,34,19,39,48,35,13,39,49,40,14,43,17,40,18
20,43,6,41,35,40,27,15,21,22,35,16,45,26,17,24,47,44,10,13,13,46,13,5,38,20,25,24,9,42,43,37,18,24,41,27,16,40,12,28,24,30,17,40,8,16,29,31,33,18,33,31,34,35,10,20,26,49,21,24,6,15,41,43,21,10,19,42,6,25,42,41,44,26,25,21,27,27,46,49,49,7,32,20,20,30,45,43,26,17,21,18,47,10,31,23,7,24,34,16,49,35,22,13,24,47,13,36,36,46,37,20,39,26,13,33,27,29,24,19,46,26,8,9,19,9,9,16,49,46,14,15,21,13,14,12,16,6,5,14,5,12,31,37,13,17,6,33,22,6,23,45,27,21,21,20,17,17,22,32,24,43,20,19,50,33,29,15,38,22,36,22,36,29,20,7,29,26,45,30,38,47,18,16,9,8,35,32,46,9,26,38,40,12,24,25,34,43,12,20
28,10,48,49,45,21,41,20,18,20,44,21,48,47,25,31,13,17,10,46,50,33,31,47,9,12,20,33,34,29,11,10,21,47,46,12,49,6,32,47,29,48,33,41,26,37,20,9,44,25,35,25,28,31,18,20,20,18,40,22,46,19,40,12,39,25,17,32,7,33,25,42,16,6,26,9,14,5,29,20,42,5,10,19,46,47,31,21,37,41,42,12,6,40,35,44,33,12,17,19,37,46,39,19,24,25,28,48,23,43,34,39,16,21,6,29,29,41,20,15,49,20,32,27,23,34,43,7,10,39,11,20,34,19,49,8,32,47,39,46,48,28,36,47,47,45,17,42,31,29,50,16,12,16,11,46,38,27,16,26,8,11,22,36,36,7,15,35,11,22,20,33,32,49,6,9,29,9,11,20,20,7,15,32,25,25,31,41,35,23,40,10,43,37,28,45,28,12,31,18
37,25,13,22,15,49,49,27,9,19,13,9,47,26,40,23,13,42,16,47,12,24,45,20,32,47,15,29,41,28,18,16,26,12,16,29,29,39,47,15,29,7,9,33,35,45,7,11,35,48,34,21,7,15,36,8,43,35,14,26,6,38,49,32,29,36,45,33,16,27,29,8,33,24,31,39,11,34,11,17,12,11,7,22,31,15,48,47,36,20,23,37,38,6,5,5,43,24,22,25,6,28,48,38,31,45,36,9,9,44,22,31,41,17,34,27,8,41,41,7,17,21,41,48,34,10,38,13,47,35,25,16,47,45,13,23,35,37,26,48,20,37,16,9,44,37,11,26,10,25,34,8,39,33,19,19,37,45,25,17,17,13,29,9,28,17,32,48,18,42,25,28,32,7,22,9,23,23,48,6,7,28,26,32,21,15,22,28,14,28,23,30,38,18,18,24,26,27,33,12
45,45,44,47,44,28,7,32,23,17,25,32,48,21,22,14,37,14,6,5,33,22,47,36,30,42,25,29,22,16,23,13,22,14,20,40,49,31,26,34,37,9,42,33,24,42,48,33,33,23,22,23,8,14,40,44,50,13,19,23,34,45,36,44,30,11,13,31,21,20,42,12,13,36,29,35,34,18,37,49,31,12,48,32,36,23,40,7,20,5,48,50,17,7,48,26,26,49,6,21,32,36,23,23,14,29,27,43,47,40,15,49,32,46,43,7,31,43,31,7,50,50,37,13,40,18,50,30,47,30,29,33,34,22,31,30,24,33,7,28,13,31,24,18,5,37,14,29,12,29,43,48,32,11,24,9,15,25,41,32,13,16,18,44,18,19,18,20,30,12,9,33,32,18,39,28,35,29,19,50,34,7,10,41,28,46,46,36,27,38,21,41,41,44,23,42,30,7,28,21
26,24,15,38,46,43,25,40,11,27,17,43,10,10,38,24,11,49,31,43,19,11,10,49,41,47,16,19,8,24,30,14,7,26,33,12,6,11,31,9,5,28,36,38,15,34,28,44,12,9,7,14,33,42,21,45,19,7,42,25,13,48,5,14,31,41,23,20,43,25,36,9,22,25,32,33,50,6,38,18,30,35,41,22,15,42,9,13,15,40,29,20,24,28,10,34,24,48,42,29,32,27,35,43,35,30,35,33,23,10,25,32,11,40,49,13,28,35,15,7,9,30,29,37,43,36,16,18,8,29,46,29,41,47,12,38,33,42,47,21,31,6,28,47,33,50,35,33,39,28,10,10,45,36,39,49,25,27,40,30,43,7,49,47,15,7,39,35,11,49,26,16,14,10,12,22,10,44,29,7,19,40,41,17,34,30,31,30,50,36,13,47,18,45,21,13,39,48,45,10
5,47,31,25,27,33,41,47,49,39,16,35,33,37,40,36,5,8,10,48,25,25,24,44,33,38,30,49,47,38,31,42,24,15,49,26,49,25,24,33,26,21,8,21,33,39,5,38,25,47,36,36,7,44,40,14,31,32,31,11,28,16,6,23,9,6,15,46,15,21,8,21,37,14,21,46,46,23,33,29,33,15,15,18,12,40,34,14,23,38,16,26,7,21,44,30,30,15,30,32,49,46,22,16,27,46,16,6,35,31,33,22,30,46,12,9,11,17,43,14,31,29,35,13,23,26,12,27,13,31,30,17,41,27,34,7,15,10,22,42,46,35,10,12,25,18,7,23,24,24,20,8,26,7,34,46,46,31,19,13,18,38,9,41,24,42,40,20,45,6,43,15,49,5,26,25,28,23,33,15,21,22,26,43,48,29,14,25,26,19,19,9,28,44,45,40,44,46,15,5
15,36,13,27,20,37,49,9,44,13,13,37,37,40,15,15,28,47,7,14,7,19,25,7,27,47,41,48,24,20,21,38,45,45,19,43,48,6,21,39,28,41,30,40,9,32,49,17,17,30,18,12,27,18,40,6,32,43,21,25,49,48,39,14,23,7,22,48,10,41,29,25,40,18,32,29,11,24,45,48,34,42,13,27,40,43,33,36,10,34,20,20,35,32,35,20,18,9,26,8,39,44,30,36,14,38,13,21,20,38,41,18,6,42,17,44,39,9,26,20,35,11,43,12,21,48,26,48,22,33,46,23,8,38,46,42,42,32,22,26,31,10,48,39,7,23,18,25,34,40,44,8,41,22,11,8,41,6,28,31,16,14,22,48,10,32,31,33,45,40,32,43,45,18,39,6,23,48,12,11,49,19,15,30,28,50,44,40,19,24,35,33,16,6,6,10,34,21,45,45
47,49,22,43,29,10,29,36,35,45,42,30,38,9,23,21,44,46,19,25,25,26,48,5,45,17,32,30,47,26,41,14,21,29,44,28,34,32,34,20,36,49,13,47,10,33,36,18,24,41,31,30,49,40,37,20,35,8,42,34,48,18,28,10,46,36,31,6,45,47,37,14,38,40,31,44,41,16,11,36,21,18,40,8,37,33,29,46,25,9,35,19,30,18,33,39,44,9,16,26,13,35,20,26,29,9,50,45,39,9,32,15,18,21,34,8,50,44,42,9,25,13,27,32,38,21,21,34,18,28,32,17,33,35,10,12,11,27,10,6,27,24,11,20,7,49,32,41,46,11,14,50,20,17,44,36,11,42,22,29,23,46,44,38,23,41,29,15,22,45,47,24,40,48,32,46,27,26,10,36,6,24,31,8,29,36,44,31,14,43,15,42,11,30,34,28,8,8,12,25
