36,36,11,23,13,10,36,10,39,50,43,44,19,38,43,34,19,27,32,44,25,40,47,35,37,17,30,30,17,22,49,13,12,26,41,37,28,37,46,18,33,18,47,36,24,13,18,35,16,20,16,30,29,18,23,37,19,13,13,25,30,29,17,19,27,47,20,29,16,26,46,48,37,28,40,41,39,31,50,50,20,25,45,23,44,48,31,11,23,17,25,34,46,49,47,10,47,40,44,18,13,40,15,36,45,34,15,40,11,41,31,13,29,41,35,13,40,22,18,12,38,49,44,44,48,42,28,47,27,17,34,27,37,25,39,39,19,32,39,20,27,21,37,19,26,19,23,42,11,43,26,40,33,15,50,48,33,34,28,21,43,41,12,25,45,19,48,19,11,14,39,19,30,40,35,45,14,42,43,26,27,16,47,25,38,37,34,36,35,34,49,34,16,36,32,42,14,18,42,27
47,23,15,25,38,27,27,37,31,42,22,17,26,43,35,23,30,40,49,33,11,33,29,22,35,35,17,27,15,19,36,49,43,38,17,24,23,12,30,37,12,33,37,12,24,23,33,37,42,12,48,22,33,27,18,12,32,15,42,50,26,21,23,33,36,39,41,24,18,48,31,48,39,13,34,47,39,36,14,34,33,49,18,41,31,18,46,49,29,20,19,12,15,31,50,24,13,39,49,13,22,35,23,12,47,31,39,40,50,19,35,23,42,43,14,30,47,14,11,17,28,44,34,34,36,15,42,37,26,33,14,38,20,23,25,40,11,24,15,12,39,18,36,36,17,32,40,36,25,47,13,47,47,44,26,48,50,32,25,17,26,39,24,48,46,33,25,20,33,34,28,36,30,33,16,14,23,16,12,46,11,24,35,16,19,41,36,34,47,36,15,29,41,16,27,21,37,20,10,35
14,24,29,25,28,39,43,36,19,34,34,26,22,42,13,25,38,43,49,20,46,28,39,32,39,12,43,48,43,24,24,28,30,18,34,39,42,19,17,33,21,40,48,31,37,12,24,32,29,23,23,25,45,17,29,18,50,46,21,20,18,30,25,33,29,33,40,29,21,42,36,46,25,44,36,13,20,14,25,28,33,35,22,50,28,23,43,32,41,26,26,21,45,40,40,10,41,10,21,14,47,43,12,34,11,20,28,44,44,14,31,22,12,21,13,10,35,44,36,17,29,10,23,21,17,45,15,33,34,47,43,42,44,42,50,12,38,30,48,45,42,11,13,11,50,11,19,34,27,36,34,16,35,30,23,13,34,23,42,23,44,47,27,27,49,30,39,42,24,11,18,17,30,18,30,32,49,28,25,12,43,28,25,12,21,28,37,34,47,21,40,30,27,37,32,33,17,47,11,42
13,41,26,14,48,40,17,49,40,36,33,19,34,41,44,32,41,48,33,26,28,25,11,35,38,43,25,16,24,25,23,21,18,13,37,42,27,30,20,23,22,35,43,26,32,48,49,24,10,10,30,10,13,26,44,41,13,18,22,20,24,44,43,29,12,11,41,35,18,19,29,13,15,39,18,48,24,13,32,40,26,43,11,22,25,15,49,45,14,39,27,26,35,27,46,27,48,33,49,14,14,43,47,40,13,43,37,15,45,13,44,42,32,50,18,36,11,36,44,43,24,16,47,23,46,23,24,45,20,20,26,20,25,14,18,20,50,31,28,48,23,37,10,24,36,13,40,21,37,29,34,17,32,18,24,26,24,39,17,26,29,27,14,45,25,15,32,47,28,41,32,19,26,19,21,25,10,24,25,31,19,48,45,32,20,49,12,14,48,23,34,10,22,22,24,32,35,27,23,46
25,36,38,38,24,34,25,18,32,46,21,43,36,47,28,33,25,32,20,42,36,36,50,19,42,20,35,48,19,22,34,14,35,23,36,29,29,23,24,48,37,31,41,27,44,44,37,15,38,19,46,25,18,28,32,44,31,12,25,31,29,39,17,30,20,17,11,24,34,47,20,16,35,40,29,12,46,38,45,27,44,27,32,22,22,12,23,48,41,26,38,14,18,42,31,47,35,16,26,38,33,12,23,17,27,27,26,18,11,36,19,49,43,49,11,31,15,48,46,13,11,50,37,35,20,16,21,31,12,23,10,50,32,39,24,15,47,14,22,17,27,28,24,15,27,50,44,14,45,11,23,47,25,37,15,46,16,29,20,38,21,13,39,43,31,25,49,28,46,38,21,19,16,15,49,32,38,24,20,25,22,39,25,28,28,11,49,17,44,26,49,22,41,15,39,14,30,42,19,30
14,39,11,17,32,16,36,25,18,32,36,36,20,18,46,24,24,31,28,33,25,45,11,22,32,46,23,24,18,40,10,46,33,23,22,50,16,20,28,11,27,20,37,40,24,21,33,38,44,29,38,26,39,36,48,50,47,31,15,26,43,24,26,33,12,18,48,46,16,29,11,44,23,32,13,20,30,18,30,12,19,45,17,48,11,20,21,33,25,28,43,43,46,36,11,24,43,48,13,30,39,27,13,18,50,48,34,45,48,36,29,40,27,22,32,14,23,25,28,16,29,36,34,15,25,27,12,32,23,22,22,28,24,33,33,17,39,23,18,15,39,47,38,28,46,22,27,14,23,28,46,32,43,29,47,21,15,30,26,15,40,29,28,36,15,26,22,16,39,36,33,24,39,37,19,13,12,10,31,11,15,25,12,18,20,32,16,39,41,36,38,20,49,43,46,19,48,36,26,18
39,30,46,46,37,38,41,24,29,22,10,27,14,17,50,23,48,42,14,26,31,19,38,46,32,45,42,20,42,35,15,40,21,22,15,32,23,20,17,20,31,48,49,32,13,32,48,11,42,31,33,31,39,12,13,18,18,10,35,36,26,49,28,20,32,41,47,25,17,21,35,15,18,25,18,16,28,19,21,39,18,49,21,15,47,45,31,13,14,36,40,25,46,21,40,49,15,16,39,27,26,40,20,12,43,13,11,19,19,33,22,48,21,38,27,47,34,14,50,41,15,28,17,46,40,32,34,14,23,32,33,45,11,19,20,17,18,37,31,19,10,39,39,18,32,14,31,22,22,30,33,46,20,14,48,34,14,24,19,36,42,38,42,38,42,25,39,11,41,14,42,47,10,12,12,46,34,45,30,31,27,24,19,24,50,18,41,45,10,24,38,38,35,48,15,32,13,27,15,32
27,39,36,35,21,39,15,44,16,37,47,19,29,28,31,44,16,37,11,49,41,26,19,17,12,15,38,39,14,13,15,32,27,27,25,41,37,21,41,13,18,22,33,40,15,28,25,32,20,27,32,33,41,23,45,46,31,17,24,26,32,43,28,39,39,17,12,24,50,40,13,19,26,29,48,11,25,48,42,37,37,41,48,46,47,39,44,43,28,27,41,47,20,18,34,22,20,22,33,47,48,21,21,30,45,16,31,32,29,29,40,10,49,47,28,38,32,35,46,50,26,19,33,23,12,34,34,12,18,46,50,36,13,25,37,31,14,28,17,28,48,23,30,27,46,32,15,33,22,31,33,18,34,22,25,13,49,21,29,35,49,45,33,11,24,18,20,32,36,15,28,15,27,50,21,22,19,43,38,17,49,32,36,34,11,49,42,42,25,34,44,49,28,29,26,18,12,28,45,29
40,42,12,45,13,21,11,32,49,31,32,11,49,11,15,29,26,49,21,29,41,26,49,26,25,40,12,30,11,20,37,19,30,18,46,11,34,12,46,30,48,13,35,32,12,12,40,40,17,16,16,15,37,47,41,10,25,22,41,15,25,44,17,40,10,11,27,50,19,21,47,27,20,49,21,43,25,12,16,31,24,30,16,37,32,35,24,42,37,15,22,49,44,20,13,41,47,24,41,31,25,46,28,45,26,23,21,24,20,30,50,35,18,32,44,34,18,33,24,46,22,42,50,29,31,38,38,23,13,42,12,28,40,36,25,17,13,31,20,34,12,48,42,29,31,24,25,11,45,24,42,11,18,41,30,17,29,17,13,23,45,48,40,32,17,38,27,31,35,22,49,14,21,30,31,14,46,20,19,34,22,36,23,27,38,40,23,43,19,34,18,47,35,17,12,45,34,46,33,30
25,44,20,50,17,49,46,24,37,19,27,19,30,12,31,42,12,17,35,36,30,49,14,34,33,47,39,39,30,22,31,38,17,16,23,18,17,41,49,41,37,44,35,46,42,37,28,17,29,13,44,43,37,14,39,11,15,16,28,40,19,48,25,46,27,29,24,38,27,32,46,32,46,44,27,35,34,14,34,48,11,34,18,39,50,29,19,12,38,45,19,11,18,12,21,43,49,45,14,10,37,19,38,16,25,12,23,22,47,16,12,18,39,11,19,47,44,29,34,38,43,16,30,19,36,45,32,42,18,26,15,28,38,28,22,29,28,31,30,33,42,46,15,23,38,34,10,20,23,45,22,26,34,47,25,11,10,20,38,23,25,10,33,36,45,17,17,47,14,14,29,14,28,46,18,48,36,45,46,19,30,20,32,17,11,37,12,25,44,11,14,31,14,22,30,49,41,13,32,30
21,18,16,49,32,26,42,30,42,16,39,28,24,16,22,18,44,33,45,19,35,32,20,40,44,28,32,36,19,46,37,49,34,38,23,49,17,19,36,16,37,33,42,29,14,27,14,25,16,48,30,29,28,15,16,27,31,16,13,40,11,44,22,30,11,48,45,45,12,14,48,15,43,32,30,46,39,50,45,26,29,35,19,38,17,29,42,42,47,24,10,15,30,44,45,41,31,35,24,38,45,43,42,35,45,29,32,26,19,33,47,11,45,41,32,33,12,26,29,48,20,34,11,17,48,20,35,22,22,31,28,37,26,42,33,16,26,26,33,35,33,30,11,50,28,40,37,35,48,32,16,12,30,32,45,30,43,12,10,24,38,30,37,32,10,24,23,47,13,30,14,28,36,50,44,31,16,36,31,27,21,14,44,18,11,31,46,15,18,19,33,18,11,47,43,31,12,39,15,28
42,35,18,23,46,29,21,27,10,20,42,35,44,46,40,16,11,32,11,13,15,44,21,33,31,19,13,47,47,25,24,41,47,12,46,29,38,31,40,48,35,49,25,18,15,47,27,43,15,19,23,37,43,29,19,48,47,42,36,20,14,17,48,39,12,42,17,25,37,13,46,44,48,11,50,24,26,50,29,14,21,15,11,43,20,16,27,46,34,24,38,44,36,10,49,25,27,18,32,14,43,32,35,12,40,44,16,31,34,21,22,38,48,32,44,38,28,22,24,49,43,34,50,11,35,31,40,35,40,30,29,21,26,32,14,13,31,30,40,36,41,36,16,24,25,49,12,10,12,39,40,40,21,26,20,13,37,13,44,37,18,43,38,38,12,36,45,11,42,30,40,41,22,21,44,47,17,23,21,46,23,45,11,17,23,31,16,46,12,29,24,50,49,28,28,16,21,12,43,12
18,15,44,34,34,47,38,43,28,14,39,24,35,17,29,49,15,49,31,19,41,16,14,46,10,15,12,37,21,31,32,33,42,13,50,10,23,20,37,16,27,31,24,23,33,16,17,19,45,44,14,38,18,21,16,17,12,36,43,47,12,15,45,28,36,38,41,35,29,26,20,15,15,30,50,37,23,34,11,41,18,10,42,31,26,30,44,28,19,38,33,16,11,21,38,37,19,11,45,20,49,20,14,37,40,21,19,48,11,24,27,16,47,21,18,21,50,36,25,17,47,41,49,40,18,19,26,46,13,24,46,37,14,29,37,23,22,43,15,17,36,33,31,40,40,19,33,34,41,10,48,12,35,50,50,36,29,48,32,45,49,46,45,31,33,41,42,16,26,20,25,22,14,22,28,29,15,39,39,43,17,38,31,41,17,15,31,47,19,15,39,24,36,14,25,46,49,32,19,40
26,12,17,36,33,29,48,11,46,17,12,33,49,26,45,32,44,19,17,16,29,34,45,34,33,37,43,13,34,28,30,45,13,45,45,37,46,41,34,20,20,17,12,38,46,45,12,43,26,24,45,47,41,33,48,24,34,20,10,24,27,32,50,47,42,39,38,35,20,22,34,32,38,31,19,26,11,39,43,24,16,43,50,32,12,30,42,43,21,11,11,45,23,43,12,16,45,24,20,22,30,46,33,16,46,47,19,14,25,36,13,15,18,12,50,20,39,41,12,24,36,28,11,21,42,27,34,18,16,36,22,39,16,18,16,18,25,20,38,32,22,31,32,22,10,40,38,41,49,19,44,14,47,47,42,27,34,41,14,10,47,14,16,20,46,28,45,13,22,22,47,27,20,42,34,14,19,47,41,25,35,35,35,38,42,18,29,46,45,32,22,17,38,20,25,20,31,24,32,49
32,10,43,26,37,24,19,17,44,25,48,47,13,14,18,26,36,23,11,11,35,14,30,43,49,11,42,40,35,50,23,42,41,22,24,15,21,16,40,33,19,20,31,31,32,37,18,40,46,24,26,22,28,28,18,47,41,31,24,16,37,20,26,15,10,23,23,27,21,28,26,39,28,24,23,17,37,43,42,11,14,44,27,13,36,30,47,15,44,28,44,46,31,19,37,20,49,36,31,39,17,43,44,23,25,27,13,30,36,23,23,29,40,38,18,10,13,15,45,35,14,42,12,11,12,18,19,33,16,28,34,16,37,18,39,31,15,34,21,47,28,37,45,42,26,35,38,12,25,29,39,40,47,17,48,43,42,28,23,48,17,27,29,30,39,14,17,46,16,21,31,49,29,46,20,34,20,11,47,19,20,21,35,31,32,41,11,11,11,23,25,37,15,37,40,15,36,26,40,34
21,42,23,12,30,42,39,39,49,11,42,15,40,17,50,10,37,26,42,47,11,28,25,43,33,37,37,13,14,48,14,17,42,46,19,44,45,21,37,28,26,24,48,15,40,26,47,44,16,18,29,37,15,49,46,12,50,45,13,18,25,11,16,27,45,49,50,42,11,35,19,12,40,47,24,17,39,43,27,40,30,16,28,46,39,24,48,49,44,42,39,35,16,39,25,19,14,49,15,44,17,27,14,39,20,44,39,37,15,14,10,27,10,50,22,48,27,10,22,11,15,47,17,30,42,15,50,36,27,32,30,22,11,21,46,30,12,42,18,48,33,28,24,23,42,33,30,20,31,45,11,28,43,12,27,25,23,33,13,25,10,46,21,29,32,11,25,30,32,42,44,31,37,31,37,47,27,26,27,43,36,28,18,46,16,50,41,17,47,31,50,14,30,22,10,49,22,19,44,18
18,24,34,41,26,25,27,35,26,29,37,41,13,12,35,47,45,18,29,45,16,33,16,42,13,43,17,36,36,21,27,10,13,40,36,49,43,44,13,42,47,50,29,21,25,19,12,36,45,13,43,28,16,38,31,15,41,24,24,32,31,49,10,20,20,17,38,23,40,32,24,38,15,40,41,29,41,22,18,36,17,26,21,17,43,37,43,28,29,24,19,38,32,31,26,38,32,28,47,25,29,25,33,34,16,33,20,50,11,23,21,30,19,41,16,30,13,42,36,19,25,17,50,12,32,40,26,28,19,18,25,33,50,14,15,45,43,36,43,12,17,37,11,22,35,41,32,27,46,32,37,34,36,18,12,11,12,18,35,39,27,27,44,32,45,45,40,33,15,20,30,42,23,31,45,45,35,29,43,40,13,43,26,25,42,32,49,37,38,19,14,19,38,10,16,38,39,23,34,43
45,25,37,42,31,24,35,17,37,18,44,26,48,41,19,42,28,15,22,49,23,50,20,33,13,18,45,11,25,19,27,18,40,43,43,31,36,49,19,29,28,26,47,33,43,29,34,15,50,40,33,23,13,36,44,32,44,41,38,14,21,30,16,42,10,45,10,20,32,34,40,37,28,16,43,16,16,46,39,20,21,30,18,32,49,41,44,50,33,50,13,41,14,35,27,19,21,31,49,28,28,22,11,30,44,40,24,22,45,44,40,37,27,11,15,31,32,23,26,36,32,36,12,47,10,38,26,42,11,18,34,14,45,36,31,15,45,23,31,43,39,39,27,19,43,37,11,39,24,18,33,32,27,12,28,28,37,41,39,42,28,25,17,15,48,16,40,38,48,12,19,33,42,12,44,42,22,10,16,50,15,47,32,19,42,45,33,25,31,24,12,26,29,14,35,29,21,36,37,34
29,32,21,29,30,23,23,13,48,37,37,32,11,41,25,12,29,29,46,35,17,22,15,18,40,18,45,43,49,14,34,28,20,27,30,38,45,48,37,18,36,34,40,48,29,23,38,11,49,40,28,13,42,21,44,45,11,22,34,46,48,45,14,46,11,19,46,18,34,20,42,50,24,33,45,25,32,50,48,33,47,11,24,44,34,40,12,25,15,41,10,13,45,48,44,30,30,36,15,22,31,42,44,27,19,48,21,11,33,29,36,19,29,48,45,20,41,31,43,22,37,44,34,47,33,38,29,42,32,24,43,11,14,43,50,42,36,20,20,21,22,31,26,49,38,30,50,38,21,30,21,19,16,45,27,37,37,44,23,20,50,33,35,38,13,12,41,25,18,26,37,41,38,43,47,12,29,43,36,23,17,25,48,27,14,35,48,28,33,24,39,38,13,18,36,34,13,40,27,37
33,36,14,12,17,28,44,15,37,25,22,34,32,47,46,21,35,17,35,40,29,23,21,44,36,33,47,12,49,11,25,29,26,49,21,16,30,19,42,48,18,22,12,36,14,25,27,19,39,34,46,33,24,46,18,16,23,19,46,24,29,39,43,17,44,27,27,16,21,23,39,23,44,40,21,15,45,41,38,19,34,49,18,24,36,41,40,25,18,45,50,30,33,49,15,42,49,21,13,42,12,18,27,39,33,46,29,42,37,31,17,33,31,28,39,35,45,23,10,26,45,22,21,39,18,47,45,17,45,12,16,44,34,12,26,15,47,10,39,46,18,13,33,40,26,28,43,37,29,21,28,15,21,41,48,21,13,29,20,31,48,39,32,43,14,15,14,45,13,15,39,25,17,49,41,27,32,12,31,26,20,34,16,13,46,41,38,17,19,25,43,50,35,20,39,20,38,21,39,42
39,27,36,21,19,34,19,14,50,26,17,49,42,19,24,14,44,25,47,44,38,12,23,29,31,22,36,29,37,30,19,25,19,11,41,46,44,43,18,28,45,46,31,26,46,17,19,15,16,12,47,26,17,23,11,31,34,44,33,48,38,34,43,17,34,17,11,26,11,11,15,30,19,27,10,41,28,25,24,13,22,47,32,47,23,30,22,41,36,31,48,21,30,45,24,46,25,44,32,18,25,46,46,50,41,18,32,15,46,14,22,45,38,48,40,41,26,32,14,22,22,34,15,48,32,23,32,22,31,12,10,16,44,38,19,29,36,43,23,33,29,32,44,46,44,25,41,20,15,25,15,26,38,23,40,47,12,43,15,11,20,45,34,21,42,21,48,29,49,30,41,26,39,27,20,13,26,34,45,23,30,16,43,30,19,32,27,40,31,20,14,28,14,34,23,50,23,36,34,12
39,30,21,40,14,29,19,40,17,13,30,29,11,24,21,23,20,11,38,27,49,42,39,32,42,20,49,47,11,46,24,27,35,20,11,18,39,27,27,50,36,16,27,46,18,50,26,50,49,37,20,20,21,13,28,38,37,31,17,44,34,38,31,47,25,33,21,45,22,15,29,16,18,30,25,27,15,45,16,43,38,27,39,17,38,27,32,30,12,44,23,35,33,11,10,30,41,38,45,39,24,30,22,35,23,22,20,16,23,19,17,27,48,37,18,36,37,34,50,11,23,25,36,11,23,12,40,40,20,26,32,14,50,44,38,41,37,47,35,49,27,47,28,45,19,44,15,20,31,43,14,17,34,42,15,47,16,25,14,17,26,20,39,41,46,49,48,11,45,37,13,40,20,12,45,14,15,21,45,37,42,37,39,22,12,36,35,35,46,24,47,12,15,31,14,17,38,15,31,34
41,13,29,28,20,35,20,38,40,12,42,17,31,17,46,27,27,44,30,29,50,33,10,48,45,38,35,15,28,25,35,34,21,44,31,45,47,35,17,50,25,34,12,29,11,16,47,20,44,46,13,19,14,20,44,42,22,43,10,11,22,28,21,39,24,13,19,34,29,41,30,23,43,18,25,41,45,42,36,43,49,46,21,42,47,17,26,37,33,16,10,13,18,19,45,11,30,25,25,20,12,38,20,34,36,24,12,47,17,28,33,20,19,14,30,32,32,43,24,48,25,20,23,10,11,50,32,35,40,43,13,17,37,13,33,16,20,30,17,39,48,47,40,18,12,14,45,19,18,40,38,20,37,11,14,33,14,49,40,32,22,22,43,32,40,50,22,19,10,45,14,21,16,27,33,39,50,20,44,24,15,21,12,40,25,40,25,32,21,25,46,45,27,44,30,46,31,10,49,36
19,39,36,25,12,12,43,11,39,37,11,36,10,47,39,29,32,19,49,10,21,14,16,49,42,36,35,32,47,38,10,50,34,21,43,33,38,28,22,13,31,10,21,12,42,38,49,35,20,45,32,45,15,42,38,41,46,39,25,50,18,45,29,47,44,18,13,40,27,39,38,39,13,16,26,33,12,46,13,42,46,23,13,16,45,47,20,20,29,41,33,23,30,41,48,20,13,22,34,30,23,39,42,34,25,45,31,14,12,37,36,25,34,20,17,12,36,19,28,48,26,48,31,37,16,20,28,21,27,41,26,45,26,25,18,29,22,11,13,44,17,26,22,42,12,26,48,39,27,13,35,37,15,10,33,14,22,23,43,32,26,38,29,34,34,26,31,26,34,24,10,35,22,38,24,29,35,46,11,33,48,33,19,11,22,11,25,44,26,15,43,12,44,35,41,48,44,47,13,40
20,14,25,12,50,18,17,43,30,45,42,47,24,24,14,36,35,22,48,31,41,35,39,34,42,37,45,24,30,33,24,26,30,15,16,44,13,46,35,49,39,42,36,45,32,29,37,18,47,33,13,21,49,21,38,16,31,39,12,10,32,27,39,46,40,16,32,25,33,26,44,38,37,50,36,45,33,13,14,24,38,47,15,13,13,21,19,28,29,47,46,23,27,33,41,33,38,46,17,32,40,12,43,30,26,45,26,36,35,19,48,32,18,34,23,40,22,13,46,28,22,13,50,25,32,11,18,44,25,15,11,28,26,23,14,19,15,15,47,24,15,14,49,23,17,30,32,28,25,21,29,37,19,26,49,41,39,29,25,14,36,14,17,13,49,19,27,20,38,27,18,39,11,41,18,18,49,11,48,34,38,19,37,45,17,35,12,50,46,25,21,33,11,23,32,16,42,36,37,40
22,49,33,14,48,48,19,16,27,30,47,20,27,39,27,16,26,38,13,25,39,50,15,46,44,26,21,27,13,11,14,22,16,17,17,46,42,30,31,33,32,17,50,18,17,17,37,40,15,19,20,30,11,13,25,48,48,47,32,21,11,44,33,41,25,24,24,38,47,46,21,10,17,28,37,18,45,16,32,18,27,32,41,33,17,41,43,19,32,21,25,26,49,26,32,39,36,30,41,39,40,35,38,41,25,17,33,40,46,10,14,50,11,24,42,47,17,11,35,26,30,24,45,26,19,13,27,20,21,32,45,45,12,29,32,50,28,26,45,49,15,17,26,45,11,34,28,20,33,39,14,40,37,29,49,22,22,36,11,13,25,15,41,35,44,14,16,19,44,15,17,40,32,26,14,28,13,34,33,14,20,26,12,25,18,45,15,26,45,21,37,25,33,22,29,22,20,23,23,39
19,42,34,25,32,17,44,40,49,43,14,30,47,22,21,16,16,36,16,23,32,19,34,22,22,40,31,22,20,11,12,18,16,43,42,15,21,39,34,43,40,34,49,38,21,27,41,25,30,28,44,42,42,29,18,37,50,47,43,33,43,47,41,26,25,38,12,33,36,48,34,24,35,45,21,22,22,21,28,36,40,14,48,28,17,29,38,22,41,40,44,34,23,49,22,14,26,16,19,29,42,50,29,25,16,22,39,10,11,20,49,23,29,33,25,50,39,21,27,23,44,25,19,23,21,21,45,39,36,25,38,26,21,12,36,42,23,20,32,12,14,19,41,26,11,32,22,22,48,43,22,16,17,25,25,18,21,34,44,18,49,32,40,10,32,28,17,30,12,37,26,47,12,40,20,29,30,38,45,22,16,49,27,39,25,37,35,45,13,20,12,25,32,18,46,31,30,15,33,41
29,12,44,14,37,27,35,27,36,15,14,34,45,39,12,11,50,21,31,42,24,41,49,49,47,36,34,34,36,14,28,27,23,20,44,50,17,27,45,37,30,48,44,14,23,49,18,19,19,27,21,34,44,38,11,33,12,22,43,12,28,44,41,43,11,44,31,41,42,37,35,25,13,34,34,11,23,31,23,13,42,12,48,34,32,47,30,48,41,28,20,44,41,46,14,44,47,29,17,25,39,37,12,10,21,39,47,42,16,38,38,29,26,10,10,45,37,19,47,46,42,49,15,14,49,16,41,31,21,50,18,48,38,11,24,14,32,34,37,26,38,46,19,13,44,20,47,40,13,19,11,38,21,15,40,24,14,22,35,32,48,11,13,33,41,29,20,21,29,42,41,11,36,16,36,36,20,49,15,34,22,22,37,30,12,40,32,28,12,20,46,47,15,43,17,20,35,17,29,19
50,29,15,10,49,45,34,30,15,25,35,48,49,48,37,34,12,27,46,39,16,17,46,21,32,45,15,48,30,40,43,38,47,40,40,19,18,32,33,30,26,33,16,36,19,18,33,22,50,40,39,44,49,28,27,46,32,48,30,26,43,24,26,11,22,17,12,33,11,42,32,21,41,36,12,11,46,15,21,13,43,10,41,26,28,50,37,47,28,23,25,23,29,21,36,21,40,49,20,40,28,40,18,49,32,15,37,20,46,27,24,49,43,29,26,39,42,16,28,28,12,17,31,12,34,21,36,33,28,41,19,11,26,23,28,41,33,50,50,33,42,46,18,13,39,11,21,38,33,47,26,33,17,31,46,49,12,43,48,13,48,20,29,48,24,45,30,27,38,33,16,23,48,29,42,15,38,19,16,11,29,47,28,26,21,20,24,21,12,45,47,31,37,49,33,33,28,44,24,26
24,22,24,27,35,17,36,29,19,22,16,42,47,14,15,11,45,28,45,31,12,44,44,22,13,22,41,46,15,31,50,46,24,24,12,46,20,18,38,33,14,34,34,10,46,47,49,30,31,38,33,12,49,25,44,47,35,44,47,38,15,48,40,16,25,44,29,24,15,26,35,28,33,16,41,24,30,26,26,20,47,10,28,12,23,46,47,41,37,19,49,10,41,17,33,11,44,14,19,14,12,38,44,42,41,14,16,14,11,29,36,29,40,48,44,27,30,27,45,41,17,17,15,41,11,49,43,13,39,37,16,43,14,30,22,46,43,12,49,10,14,13,46,25,33,21,27,29,12,22,15,44,18,31,33,41,30,10,27,31,40,46,24,14,48,43,12,29,24,39,47,41,11,12,29,42,32,28,46,27,46,28,41,40,26,14,11,43,43,21,20,17,27,41,34,12,42,12,15,47
32,26,34,32,33,30,29,45,24,37,21,26,34,32,36,21,21,21,33,29,15,29,22,13,39,15,24,21,30,49,20,38,34,13,33,13,12,39,19,41,15,22,23,38,32,49,45,28,44,40,18,48,29,26,46,18,43,28,35,28,37,33,24,34,14,50,31,19,29,20,25,24,24,38,34,30,44,31,17,17,37,10,15,39,42,18,44,24,49,13,49,26,35,16,13,41,14,49,45,30,39,28,26,11,12,45,10,18,14,22,17,31,47,31,36,31,35,22,32,20,16,16,42,25,30,10,39,38,15,17,28,18,33,45,33,40,40,37,20,41,28,18,31,14,29,27,36,47,18,14,29,36,20,13,35,37,17,40,28,10,34,44,24,34,28,37,33,17,28,20,23,21,36,11,42,21,27,28,43,15,15,23,36,46,33,23,25,36,41,11,29,26,44,18,41,44,35,24,39,34
13,42,31,35,40,12,20,42,27,26,24,44,10,43,46,22,21,10,36,33,17,42,23,49,50,22,17,37,33,16,41,37,22,29,18,32,19,25,16,42,11,48,46,37,22,49,21,36,31,26,15,32,14,30,24,42,38,49,46,50,13,10,29,33,12,48,31,13,35,34,23,11,40,30,42,20,13,39,33,18,29,31,50,19,18,31,33,31,28,12,29,40,10,15,15,15,34,20,19,33,10,24,37,37,16,21,50,19,36,27,16,11,46,13,39,16,38,41,18,15,16,25,34,11,27,12,24,34,17,28,27,26,14,30,14,35,33,28,22,29,37,40,33,38,50,47,42,30,19,17,33,26,48,41,28,46,14,22,15,15,28,32,15,16,33,17,16,20,18,22,24,27,17,24,33,20,28,33,18,31,28,15,13,18,44,35,25,35,30,22,32,44,26,39,33,39,23,49,36,27
21,48,36,11,26,41,33,26,47,27,43,13,33,49,34,50,44,10,36,12,11,20,24,14,12,14,28,38,19,17,20,36,20,15,49,17,49,16,29,40,47,14,26,16,13,16,11,46,13,48,14,47,30,14,36,24,41,37,38,26,17,34,45,46,27,50,11,17,38,41,30,19,43,24,31,46,44,28,13,37,34,19,40,45,38,46,36,29,48,15,40,14,24,46,33,49,39,45,13,43,48,42,20,37,10,24,36,16,10,22,44,40,40,26,24,42,48,28,39,15,46,29,11,36,26,14,48,13,31,15,23,22,16,28,23,37,39,30,14,39,17,19,37,15,13,45,20,11,25,15,22,23,44,13,28,16,12,31,23,45,39,23,22,28,33,34,30,26,33,49,32,23,45,49,10,18,21,42,21,26,45,14,16,25,13,35,17,36,10,40,35,40,50,41,12,13,12,19,40,38
48,14,21,29,45,33,44,19,15,17,40,23,21,23,25,24,16,28,42,13,40,17,44,20,40,15,18,13,28,46,13,47,40,34,48,29,40,24,27,47,32,34,32,27,12,21,15,49,40,35,29,37,42,50,30,34,21,23,14,42,28,21,39,15,42,35,47,39,26,49,48,17,11,36,47,31,33,46,31,35,31,22,48,37,48,44,24,38,46,35,42,28,35,49,15,47,43,23,41,14,24,41,39,26,50,24,32,34,19,38,14,25,32,19,31,43,29,33,41,22,12,43,19,26,26,39,34,44,32,10,39,39,27,19,37,18,37,11,45,49,28,18,11,26,18,21,37,45,34,33,22,14,19,49,11,23,31,46,38,29,27,45,48,40,29,43,39,34,27,25,26,49,13,47,21,27,21,16,24,42,15,28,39,29,27,16,38,15,17,22,40,43,28,38,27,33,35,29,35,20
26,26,44,20,41,13,46,34,48,10,29,16,16,27,31,42,22,18,44,19,18,17,20,42,38,20,43,32,23,27,11,36,26,14,48,33,40,33,18,44,22,29,25,43,11,16,31,24,40,50,47,36,29,10,42,43,33,40,50,35,35,33,42,38,14,47,46,41,20,38,24,42,48,38,44,13,35,42,29,40,47,27,12,39,28,23,31,15,38,49,38,28,34,31,12,30,26,47,35,49,13,19,44,30,11,28,39,34,44,23,26,31,43,41,18,16,27,38,36,42,12,20,27,46,15,21,34,17,46,38,11,31,25,31,34,41,14,27,33,31,16,23,23,21,40,50,35,38,33,41,31,38,22,16,30,37,10,44,22,29,12,49,29,30,46,45,19,43,45,13,36,38,15,25,40,48,49,30,22,12,20,45,42,23,27,36,25,46,31,44,14,40,11,13,18,16,39,13,31,21
29,37,20,43,31,11,22,12,34,22,43,36,23,17,18,24,44,23,32,19,44,31,16,10,23,24,29,18,47,36,24,33,18,42,27,28,39,39,24,29,22,40,26,11,38,18,44,31,14,49,35,18,17,30,50,49,38,14,24,48,42,15,37,18,33,17,33,37,11,41,11,33,38,19,49,44,23,11,11,17,12,25,13,47,24,47,33,50,23,26,10,27,25,26,32,29,35,30,23,13,11,28,18,42,21,42,14,12,48,26,23,38,34,22,46,35,27,17,46,16,14,19,43,22,38,14,10,43,36,26,11,34,17,11,42,13,19,25,15,23,27,41,41,22,36,28,45,24,22,50,36,13,25,43,41,29,29,48,32,36,43,44,18,40,15,33,46,14,46,29,30,27,41,11,45,45,39,18,47,23,44,25,29,26,40,38,21,31,30,25,31,34,45,25,20,45,50,34,44,13
44,47,42,13,20,35,21,19,24,48,41,10,50,11,36,33,23,12,42,33,42,24,13,34,40,17,24,43,30,18,33,34,50,11,12,19,12,42,38,25,19,17,20,43,20,40,21,27,40,17,44,17,30,20,40,48,37,18,33,39,47,37,11,36,33,46,47,28,25,24,29,17,11,21,33,33,17,45,40,15,13,14,17,30,31,26,40,21,31,36,27,39,36,26,40,11,40,31,49,32,30,17,18,43,40,36,50,44,49,16,27,24,25,20,14,49,14,30,22,23,48,16,32,40,29,22,46,11,13,15,25,24,23,18,18,17,36,18,49,23,21,38,45,49,44,32,15,38,48,20,14,28,20,32,47,15,13,44,19,38,38,15,14,32,25,43,44,29,38,18,34,11,30,34,37,15,24,23,25,14,33,27,36,37,31,14,45,20,20,43,26,46,32,29,23,35,35,46,48,46
50,46,35,44,30,18,45,42,13,31,24,28,11,32,27,47,14,30,33,43,12,19,26,45,20,16,18,25,21,17,30,28,16,20,18,40,20,48,39,46,48,16,44,33,36,13,46,42,48,29,16,23,25,17,36,19,31,13,30,29,37,15,17,28,29,13,12,34,28,20,45,40,30,23,39,48,47,23,41,34,42,43,50,17,19,42,12,13,45,33,16,23,46,12,33,12,43,41,37,36,44,37,42,14,26,35,26,43,13,26,18,38,47,36,30,26,29,21,46,19,45,22,49,18,44,49,25,37,42,49,44,23,44,43,44,27,28,37,31,41,45,38,21,22,29,20,34,22,32,35,20,18,18,12,40,16,12,49,38,33,10,45,42,47,43,48,20,37,37,11,35,44,46,40,29,15,41,23,13,47,14,49,49,42,46,37,20,18,27,14,44,33,23,13,47,41,31,14,27,18
34,25,16,34,49,21,19,34,39,15,15,14,16,22,11,47,48,33,26,37,21,17,19,37,40,38,29,48,15,22,36,18,32,30,14,18,31,16,42,34,46,30,13,20,33,36,37,31,38,49,49,40,24,29,43,26,18,33,46,45,31,33,21,18,17,45,47,22,23,16,24,25,24,35,44,15,11,24,28,20,30,32,30,43,12,16,30,35,18,35,26,19,37,28,36,34,17,14,33,28,39,41,15,21,28,45,44,40,21,26,13,17,36,11,46,28,41,23,39,32,25,16,48,44,16,44,14,16,50,34,30,29,43,12,40,44,40,25,20,45,18,48,37,43,49,15,13,42,33,10,36,38,13,41,11,19,43,41,41,20,39,24,26,27,39,39,27,38,15,35,44,46,49,25,26,28,23,16,38,39,49,38,10,28,29,50,49,23,32,38,20,26,44,40,24,35,20,14,21,46
11,34,41,23,48,20,23,17,34,12,15,17,39,49,27,13,19,39,47,35,21,40,35,27,33,21,13,42,29,36,11,29,20,19,49,46,46,39,24,21,28,44,37,17,36,10,47,30,10,29,35,15,21,28,34,48,23,42,44,42,29,31,12,28,26,45,44,11,45,16,49,48,33,46,28,31,14,37,40,37,11,30,15,24,47,26,22,39,12,29,32,21,36,38,23,12,35,28,45,26,48,33,38,44,14,24,39,39,38,19,23,24,42,50,41,19,21,37,31,40,24,44,32,27,32,46,43,37,13,13,28,29,36,50,31,33,36,39,12,46,44,30,25,20,16,43,41,20,30,32,41,46,21,32,22,44,34,50,14,29,34,14,26,15,38,16,41,22,37,23,24,20,23,46,10,20,39,10,36,23,45,24,40,37,31,13,20,16,36,40,24,15,40,20,16,25,48,39,15,11
27,36,32,13,29,22,42,35,33,49,34,48,11,31,23,21,13,18,49,32,22,49,18,20,41,17,20,40,33,48,23,19,25,46,17,30,14,34,25,35,38,38,29,20,42,44,33,12,20,36,31,19,29,34,43,48,26,25,34,35,24,36,47,36,15,12,34,20,39,21,34,36,21,24,17,39,15,45,29,13,29,45,12,25,18,14,31,29,49,10,45,43,29,28,27,46,22,44,11,16,49,49,15,25,10,20,36,49,40,47,41,25,20,50,24,44,20,48,44,22,11,40,46,34,24,41,11,47,36,34,26,27,28,21,36,32,29,26,42,29,39,35,37,40,26,20,24,32,36,48,38,47,41,47,47,35,48,19,34,37,24,35,10,17,19,16,23,33,15,38,22,42,27,15,24,26,47,47,21,39,35,47,24,43,35,14,33,23,31,45,21,13,37,50,39,32,11,25,33,21
36,17,18,11,43,47,17,42,16,36,37,27,35,19,38,43,45,32,41,41,23,15,35,46,20,44,35,27,29,49,24,49,44,40,41,37,37,34,42,41,18,17,19,14,19,27,30,15,41,50,19,31,27,41,10,18,32,16,45,22,24,29,39,28,47,46,43,40,39,26,26,21,42,40,49,35,31,19,21,41,36,49,44,15,11,39,33,48,35,41,41,48,12,27,41,16,12,22,15,23,31,36,17,41,41,28,21,35,31,34,14,17,41,33,13,22,36,32,46,37,15,34,14,31,16,25,34,44,45,48,38,15,26,34,22,49,23,41,46,18,23,17,48,45,32,10,47,28,45,48,16,34,39,25,26,50,24,34,42,47,50,28,31,23,17,43,39,45,46,29,17,16,45,49,46,13,29,20,26,47,17,30,20,42,34,35,49,10,39,16,24,45,22,30,33,29,35,45,20,24
20,41,30,29,21,20,11,37,33,49,31,37,15,15,19,19,14,28,43,27,17,48,32,39,25,29,44,49,13,37,19,23,24,30,28,43,44,43,46,20,45,12,37,13,23,11,27,40,12,46,27,34,14,31,29,45,48,20,25,11,46,32,22,16,44,25,47,48,49,17,37,40,15,22,33,16,41,49,46,15,40,37,35,46,31,12,48,39,12,32,36,49,36,21,34,43,31,29,11,15,28,26,50,41,24,22,34,18,41,43,32,28,43,25,29,48,26,33,12,20,46,43,19,22,16,19,19,31,48,44,10,46,38,25,18,26,15,31,23,41,37,43,28,33,49,42,43,17,44,49,29,44,28,10,37,46,41,42,25,29,17,16,45,41,38,34,49,22,25,32,27,15,41,47,46,14,46,22,32,20,13,21,34,15,44,14,50,11,24,17,33,16,29,48,47,40,17,45,30,14
47,47,22,12,23,29,14,16,32,42,26,39,21,46,17,46,27,31,34,23,18,47,48,45,14,26,30,40,16,21,21,12,42,50,11,23,28,18,43,19,32,38,35,40,10,19,47,33,49,27,48,28,34,18,21,44,48,44,23,23,50,40,37,42,44,43,41,42,26,18,29,28,40,50,19,48,28,26,47,42,43,22,14,13,43,41,13,38,42,22,11,11,44,10,50,23,19,22,27,39,37,39,47,19,11,42,13,22,21,32,44,29,42,45,27,20,28,16,19,28,23,38,36,46,13,24,23,41,16,25,40,41,17,22,30,18,20,41,42,28,49,43,30,41,44,32,11,41,12,38,13,18,23,29,43,36,35,25,25,11,42,48,18,18,19,31,19,16,42,45,15,43,40,21,48,30,44,12,25,16,18,13,34,35,49,19,43,16,14,15,37,30,34,27,24,40,46,42,44,34
11,27,21,31,31,29,15,13,40,31,28,41,45,17,28,47,18,27,29,23,38,24,16,49,21,33,18,16,26,28,37,19,30,34,22,44,16,21,36,48,17,35,30,26,32,19,38,22,47,42,47,11,32,45,17,21,12,34,11,15,29,12,47,39,29,18,15,37,38,49,41,26,35,14,31,37,27,29,35,28,37,28,11,41,39,17,29,14,12,17,43,27,41,39,36,29,28,41,34,25,16,13,46,47,36,20,42,17,21,11,32,29,14,43,38,46,37,45,28,39,22,29,31,33,36,12,46,24,49,21,49,38,36,18,46,15,43,39,47,31,44,30,33,20,16,13,13,39,10,11,29,12,24,29,25,27,44,30,45,39,11,29,46,11,24,38,12,16,30,18,28,13,30,15,25,44,26,13,15,42,20,31,41,10,19,40,49,24,15,49,49,47,32,14,41,42,13,19,49,42
40,10,24,49,22,38,21,20,17,37,42,50,24,33,28,20,21,35,40,18,15,43,18,13,21,49,34,23,38,38,26,26,41,15,21,33,43,19,42,45,37,12,12,18,29,49,12,42,49,40,48,47,50,23,44,40,34,10,44,44,22,22,36,35,31,13,21,39,18,11,37,37,26,17,30,11,36,47,45,13,42,22,36,13,46,16,25,43,29,41,32,16,49,14,23,33,38,42,46,43,15,37,35,38,32,48,34,32,35,14,13,13,17,46,23,46,19,27,10,46,43,34,37,20,46,16,17,40,18,16,18,19,43,33,13,24,16,48,18,48,24,37,18,31,40,35,28,25,20,16,41,36,31,29,47,16,24,24,29,42,23,12,36,18,16,47,36,35,45,43,41,15,15,23,24,23,24,20,12,19,41,46,31,22,13,25,40,36,22,20,17,30,46,13,46,35,48,17,41,40
23,43,34,43,45,18,17,29,46,45,42,15,13,10,14,48,42,36,24,29,26,43,42,39,28,39,10,33,23,46,15,12,38,36,44,26,15,16,40,28,16,29,12,44,40,32,33,22,28,10,48,26,15,26,38,42,28,47,10,21,39,37,20,23,31,44,38,44,30,37,27,45,12,22,22,29,25,47,19,32,17,36,19,20,38,20,18,46,40,44,23,16,16,14,33,12,44,25,32,37,13,47,35,15,35,42,13,13,27,38,34,17,33,32,32,44,48,17,40,29,25,16,20,21,23,34,14,42,17,34,32,49,22,33,35,47,21,14,18,34,12,49,21,36,48,28,35,39,39,20,37,12,42,46,44,20,33,40,44,27,30,43,34,29,16,31,35,15,33,36,25,17,32,34,22,19,15,16,34,46,41,25,32,36,17,35,26,26,45,49,29,17,46,44,23,34,36,47,24,41
33,34,14,33,15,24,49,44,26,44,43,48,24,35,49,39,50,36,42,50,45,13,33,30,26,26,34,35,27,45,12,34,34,38,22,48,27,38,46,19,15,28,11,29,15,16,24,42,14,11,44,33,23,42,24,45,27,13,33,49,45,40,32,44,18,39,50,33,24,16,46,38,38,47,24,36,45,35,20,14,12,12,19,26,41,43,34,20,41,18,41,14,30,13,43,50,31,19,39,26,35,41,12,39,24,48,39,12,15,31,35,23,24,31,14,34,15,18,50,25,45,39,34,16,16,18,32,19,44,13,35,41,42,31,50,45,16,37,24,14,44,14,40,10,15,27,34,31,29,37,29,22,22,26,16,27,33,48,46,26,33,39,19,25,41,22,50,11,29,34,50,32,21,38,40,46,11,40,15,21,46,12,15,15,22,35,16,40,31,17,15,45,43,33,47,21,27,27,37,13
31,42,15,20,38,10,47,33,24,18,24,47,46,43,43,15,28,27,46,23,18,16,30,15,44,46,29,45,33,25,22,22,14,43,25,32,34,23,16,27,37,22,41,47,15,29,26,11,33,34,45,13,18,22,10,20,42,41,36,26,46,40,29,20,48,31,46,40,10,23,33,24,33,44,49,15,17,29,40,49,34,34,35,42,35,48,30,13,26,30,21,49,48,25,18,36,15,31,40,37,25,49,35,25,45,30,37,18,24,16,44,45,15,40,41,29,35,25,22,27,36,19,18,27,23,45,39,32,31,11,17,27,14,35,26,26,35,23,35,15,27,13,16,31,36,44,23,38,31,20,30,40,14,32,26,46,30,42,22,24,12,48,40,33,48,43,21,31,22,35,18,16,11,26,17,44,44,13,13,13,22,34,17,20,49,17,43,42,24,30,25,40,23,17,21,41,49,21,27,46
29,48,32,22,19,30,31,16,18,37,34,49,18,25,39,42,22,17,20,23,49,35,19,23,49,22,13,10,28,27,44,45,48,41,47,49,21,17,20,41,13,10,12,12,47,10,50,32,37,33,31,33,26,40,26,40,22,28,18,40,13,46,33,11,40,37,14,24,17,20,48,38,46,48,40,44,14,20,13,42,20,42,12,35,20,41,27,16,24,48,49,24,43,44,46,17,19,41,14,25,15,47,25,15,22,11,15,24,38,35,18,24,27,41,29,49,30,49,34,23,38,48,35,22,40,49,17,25,36,32,26,30,49,18,33,18,28,10,37,15,28,47,14,47,11,13,11,42,40,28,38,49,39,42,48,11,17,45,21,31,21,14,29,48,38,48,14,37,38,10,37,46,31,44,12,34,10,21,39,38,25,37,48,38,11,35,13,41,23,44,16,22,26,26,43,27,11,40,24,49
